6000 12
0 0 10
1 0 10
4 0 10
9 0 10
20 0 10
32 0 10
34 0 10
36 0 10
37 0 10
42 0 10
44 0 10
52 0 10
53 0 10
57 0 10
65 0 10
67 0 10
72 0 10
73 0 10
81 0 10
83 0 10
98 0 10
102 0 10
106 0 10
108 0 10
109 0 10
118 0 10
122 0 10
124 0 10
128 0 10
129 0 10
132 0 10
133 0 10
137 0 10
139 0 10
148 0 10
149 0 10
152 0 10
153 0 10
161 0 10
164 0 10
168 0 10
169 0 10
178 0 10
180 0 10
195 0 10
199 0 3
208 0 10
209 0 10
211 0 10
230 0 8
238 6 3
246 0 8
250 0 8
252 0 8
253 0 8
258 0 10
261 0 10
266 0 10
268 0 10
269 0 10
277 0 10
281 0 10
283 0 10
288 0 10
290 0 10
292 0 10
293 0 10
298 0 10
300 0 10
308 0 10
309 0 10
312 0 10
313 0 10
321 0 10
323 0 10
328 0 10
329 0 10
331 0 10
337 0 10
339 0 10
343 0 10
356 0 10
362 0 10
370 0 10
372 0 10
373 0 10
385 0 10
387 0 10
392 0 10
393 0 10
401 0 10
403 0 10
419 0 10
424 0 10
432 0 10
433 0 10
435 0 10
455 6 8
463 -6 -1
494 -6 -1
518 0 10
525 0 10
534 0 10
538 0 10
540 0 10
541 0 10
546 0 10
550 0 10
554 0 10
556 0 10
557 0 10
566 0 10
570 0 10
572 0 10
581 0 10
587 0 10
597 0 10
600 0 10
601 0 10
603 0 10
610 0 10
614 0 10
618 0 10
620 0 10
621 0 10
630 0 10
634 0 10
636 0 10
640 0 10
641 0 10
644 0 10
645 0 10
649 0 10
651 0 10
660 0 10
661 0 10
664 0 10
665 0 10
673 0 10
676 0 10
680 0 10
681 0 10
683 0 10
690 0 10
692 0 10
696 0 10
707 0 10
711 0 3
720 0 10
721 0 10
723 0 10
727 0 10
746 0 10
758 0 10
772 0 10
777 0 10
786 0 10
788 0 10
789 0 10
801 0 10
804 0 10
808 0 10
809 0 10
818 0 10
820 0 10
835 0 10
839 0 3
848 0 10
849 0 10
851 0 10
872 0 10
882 0 10
899 0 10
903 0 3
912 0 10
913 0 10
915 0 10
935 0 3
944 0 10
1024 0 11
1026 0 11
1028 0 11
1029 0 11
1034 0 11
1036 0 11
1044 0 11
1045 0 11
1049 0 11
1058 0 11
1062 0 11
1066 0 11
1068 0 11
1069 0 11
1078 0 11
1082 0 11
1084 0 11
1088 0 11
1089 0 11
1092 0 11
1093 0 11
1096 0 11
1097 0 11
1099 0 11
1106 0 11
1108 0 11
1109 0 11
1112 0 11
1113 0 11
1126 0 11
1134 6 3
1142 0 11
1146 0 11
1148 0 11
1149 0 11
1152 0 11
1154 0 11
1156 0 11
1157 0 11
1162 0 11
1164 0 11
1165 0 11
1172 0 11
1173 0 11
1176 0 11
1177 0 11
1179 0 11
1184 0 11
1186 0 11
1188 0 11
1189 0 11
1194 0 11
1196 0 11
1202 0 11
1204 0 11
1205 0 11
1208 0 11
1209 0 11
1217 0 11
1219 0 11
1224 0 11
1225 0 11
1227 0 11
1232 0 11
1233 0 11
1235 0 11
1239 0 11
1262 5 3
1282 0 11
1286 0 11
1290 0 11
1292 0 11
1293 0 11
1302 0 11
1306 0 11
1308 0 11
1309 0 11
1314 0 11
1318 0 11
1322 0 11
1324 0 11
1325 0 11
1334 0 11
1338 0 11
1340 0 11
1344 0 11
1345 0 11
1348 0 11
1349 0 11
1352 0 11
1353 0 11
1355 0 11
1362 0 11
1364 0 11
1365 0 11
1368 0 11
1369 0 11
1371 0 11
1378 0 11
1382 0 11
1386 0 11
1388 0 11
1389 0 11
1398 0 11
1402 0 11
1404 0 11
1408 0 11
1409 0 11
1412 0 11
1413 0 11
1416 0 11
1417 0 11
1419 0 11
1426 0 11
1428 0 11
1429 0 11
1432 0 11
1433 0 11
1441 0 11
1444 0 11
1448 0 11
1449 0 11
1451 0 11
1458 0 11
1460 0 11
1464 0 11
1475 6 8
1479 5 8
1488 4 8
1489 4 8
1491 4 8
1495 4 8
1542 0 11
1550 4 3
1558 0 11
1562 0 11
1564 0 11
1565 0 11
1574 0 11
1582 4 3
1590 0 11
1594 0 11
1596 0 11
1597 0 11
1602 0 11
1605 0 11
1610 0 11
1612 0 11
1613 0 11
1621 0 11
1624 0 11
1625 0 11
1627 0 11
1638 0 11
1646 4 3
1654 0 11
1658 0 11
1660 0 11
1661 0 11
1664 0 11
1666 0 11
1668 0 11
1669 0 11
1674 0 11
1676 0 11
1677 0 11
1684 0 11
1685 0 11
1688 0 11
1689 0 11
1691 0 11
1696 0 11
1698 0 11
1700 0 11
1701 0 11
1706 0 11
1708 0 11
1714 0 11
1716 0 11
1717 0 11
1720 0 11
1721 0 11
1723 0 11
1729 0 11
1731 0 11
1736 0 11
1737 0 11
1739 0 11
1744 0 11
1745 0 11
1747 0 11
1751 0 11
1766 0 11
1774 4 3
1782 0 11
1786 0 11
1788 0 11
1789 0 11
1794 0 11
1796 0 11
1797 0 11
1802 0 11
1804 0 11
1805 0 11
1810 0 11
1812 0 11
1813 0 11
1817 0 11
1819 0 11
1824 0 11
1826 0 11
1828 0 11
1829 0 11
1834 0 11
1836 0 11
1842 0 11
1844 0 11
1845 0 11
1848 0 11
1849 0 11
1857 0 11
1859 0 11
1864 0 11
1865 0 11
1867 0 11
1872 0 11
1873 0 11
1875 0 11
1879 0 11
1892 0 11
1898 0 11
1906 0 11
1908 0 11
1909 0 11
1912 0 11
1921 0 11
1923 0 11
1928 0 11
1929 0 11
1931 0 11
1936 0 11
1937 0 11
1939 0 11
1943 0 11
1955 0 11
1960 0 11
1968 0 11
1969 0 11
1971 0 11
1975 0 11
2049 0 11
2051 0 11
2056 0 11
2057 0 11
2065 0 11
2067 0 11
2080 0 11
2081 0 11
2084 0 11
2085 0 11
2088 0 11
2089 0 11
2091 0 11
2098 0 11
2100 0 11
2101 0 11
2104 0 11
2105 0 11
2115 0 11
2119 0 3
2128 0 11
2129 0 11
2131 0 11
2144 0 11
2146 0 11
2148 0 11
2149 0 11
2154 0 11
2156 0 11
2157 0 11
2162 0 11
2164 0 11
2165 0 11
2168 0 11
2169 0 11
2171 0 11
2177 0 11
2179 0 11
2184 0 11
2185 0 11
2187 0 11
2193 0 11
2195 0 11
2199 0 11
2209 0 11
2211 0 11
2216 0 11
2217 0 11
2224 0 11
2225 0 11
2227 0 11
2247 0 3
2255 -6 -1
2274 0 8
2278 0 8
2282 0 8
2284 0 8
2285 0 8
2294 0 8
2298 0 8
2300 0 8
2301 0 8
2304 0 11
2305 0 11
2308 0 11
2309 0 11
2313 0 11
2315 0 11
2322 0 11
2324 0 11
2325 0 11
2328 0 11
2329 0 11
2331 0 11
2336 0 11
2337 0 11
2340 0 11
2341 0 11
2344 0 11
2345 0 11
2347 0 11
2354 0 11
2356 0 11
2357 0 11
2360 0 11
2361 0 11
2371 0 11
2375 0 3
2384 0 11
2385 0 11
2387 0 11
2391 0 11
2401 0 11
2404 0 11
2408 0 11
2409 0 11
2418 0 11
2420 0 11
2421 0 11
2435 0 11
2439 0 3
2448 0 11
2449 0 11
2451 0 11
2467 0 11
2471 0 3
2480 0 11
2481 0 11
2483 0 11
2511 -5 -1
2534 -6 -1
2542 -5 -1
2550 -4 -1
2554 -4 -1
2556 -4 -1
2557 -4 -1
2562 0 11
2565 0 11
2570 0 11
2572 0 11
2573 0 11
2581 0 11
2585 0 11
2587 0 11
2592 0 11
2594 0 11
2596 0 11
2597 0 11
2602 0 11
2604 0 11
2605 0 11
2610 0 11
2612 0 11
2613 0 11
2616 0 11
2617 0 11
2619 0 11
2625 0 11
2627 0 11
2632 0 11
2633 0 11
2635 0 11
2641 0 11
2643 0 11
2647 0 11
2656 0 11
2658 0 11
2660 0 11
2661 0 11
2666 0 11
2668 0 11
2669 0 11
2674 0 11
2676 0 11
2677 0 11
2680 0 11
2681 0 11
2683 0 11
2689 0 11
2691 0 11
2696 0 11
2697 0 11
2699 0 11
2705 0 11
2707 0 11
2711 0 11
2721 0 11
2723 0 11
2728 0 11
2729 0 11
2731 0 11
2736 0 11
2737 0 11
2739 0 11
2743 0 11
2759 0 3
2767 -4 -1
2788 0 11
2794 0 11
2802 0 11
2804 0 11
2805 0 11
2817 0 11
2819 0 11
2824 0 11
2825 0 11
2833 0 11
2835 0 11
2849 0 11
2851 0 11
2856 0 11
2857 0 11
2864 0 11
2865 0 11
2867 0 11
2887 0 3
2895 -4 -1
2915 0 11
2920 0 11
2928 0 11
2929 0 11
2931 0 11
2951 0 3
2959 -4 -1
2983 0 3
2991 -4 -1
3074 0 12
3078 0 12
3082 0 12
3084 0 12
3085 0 12
3094 0 12
3098 0 12
3100 0 12
3110 0 12
3118 6 3
3126 0 12
3130 0 12
3132 0 12
3133 0 12
3136 0 12
3138 0 12
3140 0 12
3141 0 12
3146 0 12
3148 0 12
3149 0 12
3154 0 12
3156 0 12
3157 0 12
3160 0 12
3161 0 12
3163 0 12
3182 5 3
3202 0 12
3206 0 12
3210 0 12
3212 0 12
3213 0 12
3222 0 12
3226 0 12
3228 0 12
3229 0 12
3234 0 12
3238 0 12
3242 0 12
3244 0 12
3245 0 12
3254 0 12
3258 0 12
3260 0 12
3264 0 12
3265 0 12
3268 0 12
3269 0 12
3272 0 12
3273 0 12
3275 0 12
3282 0 12
3284 0 12
3285 0 12
3288 0 12
3289 0 12
3291 0 12
3334 0 12
3342 4 3
3350 0 12
3354 0 12
3356 0 12
3357 0 12
3366 0 12
3374 4 3
3382 0 12
3386 0 12
3388 0 12
3389 0 12
3392 0 12
3394 0 12
3396 0 12
3397 0 12
3402 0 12
3404 0 12
3405 0 12
3410 0 12
3412 0 12
3413 0 12
3416 0 12
3417 0 12
3419 0 12
3430 0 12
3438 4 3
3446 0 12
3450 0 12
3452 0 12
3453 0 12
3456 0 12
3458 0 12
3460 0 12
3461 0 12
3466 0 12
3468 0 12
3469 0 12
3474 0 12
3476 0 12
3477 0 12
3480 0 12
3481 0 12
3483 0 12
3488 0 12
3490 0 12
3492 0 12
3493 0 12
3498 0 12
3500 0 12
3506 0 12
3508 0 12
3509 0 12
3512 0 12
3513 0 12
3515 0 12
3521 6 8
3523 5 8
3528 4 8
3529 4 8
3531 4 8
3536 3 8
3537 3 8
3539 3 8
3543 3 8
3598 3 3
3630 3 3
3650 0 12
3654 0 12
3658 0 12
3660 0 12
3661 0 12
3670 0 12
3674 0 12
3676 0 12
3677 0 12
3694 3 3
3714 0 12
3718 0 12
3722 0 12
3724 0 12
3725 0 12
3734 0 12
3738 0 12
3740 0 12
3741 0 12
3746 0 12
3750 0 12
3754 0 12
3756 0 12
3757 0 12
3766 0 12
3770 0 12
3772 0 12
3776 0 12
3777 0 12
3780 0 12
3781 0 12
3784 0 12
3785 0 12
3787 0 12
3794 0 12
3796 0 12
3797 0 12
3800 0 12
3801 0 12
3803 0 12
3822 3 3
3842 0 12
3846 0 12
3850 0 12
3852 0 12
3853 0 12
3862 0 12
3866 0 12
3868 0 12
3869 0 12
3874 0 12
3878 0 12
3882 0 12
3884 0 12
3885 0 12
3894 0 12
3898 0 12
3900 0 12
3904 0 12
3905 0 12
3908 0 12
3909 0 12
3912 0 12
3913 0 12
3915 0 12
3922 0 12
3924 0 12
3925 0 12
3928 0 12
3929 0 12
3931 0 12
3938 0 12
3942 0 12
3946 0 12
3948 0 12
3949 0 12
3958 0 12
3962 0 12
3964 0 12
3968 0 12
3969 0 12
3972 0 12
3973 0 12
3976 0 12
3977 0 12
3979 0 12
3986 0 12
3988 0 12
3989 0 12
3992 0 12
3993 0 12
3995 0 12
4001 0 12
4004 0 12
4008 0 12
4009 0 12
4011 0 12
4018 0 12
4020 0 12
4024 0 12
4096 0 12
4097 0 12
4100 0 12
4101 0 12
4105 0 12
4107 0 12
4116 0 12
4117 0 12
4120 0 12
4121 0 12
4128 0 12
4130 0 12
4132 0 12
4133 0 12
4138 0 12
4140 0 12
4141 0 12
4148 0 12
4149 0 12
4152 0 12
4153 0 12
4155 0 12
4161 0 12
4163 0 12
4168 0 12
4169 0 12
4171 0 12
4177 0 12
4179 0 12
4183 0 12
4194 0 12
4198 0 12
4202 0 12
4204 0 12
4205 0 12
4214 0 12
4218 0 12
4220 0 12
4221 0 12
4224 0 12
4225 0 12
4228 0 12
4229 0 12
4233 0 12
4235 0 12
4244 0 12
4245 0 12
4248 0 12
4249 0 12
4251 0 12
4256 0 12
4257 0 12
4260 0 12
4261 0 12
4264 0 12
4265 0 12
4267 0 12
4274 0 12
4276 0 12
4277 0 12
4280 0 12
4281 0 12
4291 0 12
4295 0 3
4304 0 12
4305 0 12
4307 0 12
4311 0 12
4326 0 8
4334 4 3
4342 0 8
4346 0 8
4348 0 8
4349 0 8
4354 0 12
4357 0 12
4362 0 12
4364 0 12
4365 0 12
4373 0 12
4377 0 12
4379 0 12
4384 0 12
4386 0 12
4388 0 12
4389 0 12
4394 0 12
4396 0 12
4397 0 12
4404 0 12
4405 0 12
4408 0 12
4409 0 12
4411 0 12
4417 0 12
4419 0 12
4424 0 12
4425 0 12
4427 0 12
4433 0 12
4435 0 12
4439 0 12
4448 0 12
4450 0 12
4452 0 12
4453 0 12
4458 0 12
4460 0 12
4461 0 12
4466 0 12
4468 0 12
4469 0 12
4472 0 12
4473 0 12
4475 0 12
4481 0 12
4483 0 12
4488 0 12
4489 0 12
4491 0 12
4497 0 12
4499 0 12
4503 0 12
4513 0 12
4515 0 12
4520 0 12
4521 0 12
4523 0 12
4528 0 12
4529 0 12
4531 0 12
4535 0 12
4551 4 8
4559 -4 -1
4590 -4 -1
4614 0 12
4621 0 12
4630 0 12
4634 0 12
4636 0 12
4637 0 12
4642 0 12
4646 0 12
4650 0 12
4652 0 12
4653 0 12
4662 0 12
4666 0 12
4668 0 12
4669 0 12
4677 0 12
4683 0 12
4693 0 12
4696 0 12
4697 0 12
4699 0 12
4706 0 12
4710 0 12
4714 0 12
4716 0 12
4717 0 12
4726 0 12
4730 0 12
4732 0 12
4733 0 12
4736 0 12
4737 0 12
4740 0 12
4741 0 12
4745 0 12
4747 0 12
4756 0 12
4757 0 12
4760 0 12
4761 0 12
4763 0 12
4768 0 12
4769 0 12
4772 0 12
4773 0 12
4776 0 12
4777 0 12
4779 0 12
4786 0 12
4788 0 12
4789 0 12
4792 0 12
4793 0 12
4795 0 12
4803 0 12
4807 0 3
4816 0 12
4817 0 12
4819 0 12
4823 0 12
4834 0 12
4838 0 12
4842 0 12
4844 0 12
4845 0 12
4854 0 12
4858 0 12
4860 0 12
4861 0 12
4864 0 12
4865 0 12
4868 0 12
4869 0 12
4873 0 12
4875 0 12
4882 0 12
4884 0 12
4885 0 12
4888 0 12
4889 0 12
4891 0 12
4896 0 12
4897 0 12
4900 0 12
4901 0 12
4904 0 12
4905 0 12
4907 0 12
4914 0 12
4916 0 12
4917 0 12
4920 0 12
4921 0 12
4931 0 12
4935 0 3
4944 0 12
4945 0 12
4947 0 12
4951 0 12
4961 0 12
4964 0 12
4968 0 12
4969 0 12
4971 0 12
4978 0 12
4980 0 12
4981 0 12
4984 0 12
4995 0 12
4999 0 3
5008 0 12
5009 0 12
5011 0 12
5015 0 12
5027 0 12
5031 0 3
5040 0 12
5041 0 12
5043 0 12
5047 0 12
5121 0 12
5124 0 12
5128 0 12
5129 0 12
5138 0 12
5140 0 12
5152 0 12
5154 0 12
5156 0 12
5157 0 12
5162 0 12
5164 0 12
5170 0 12
5172 0 12
5173 0 12
5176 0 12
5177 0 12
5185 0 12
5187 0 12
5192 0 12
5193 0 12
5200 0 12
5201 0 12
5203 0 12
5218 0 12
5222 0 12
5226 0 12
5228 0 12
5229 0 12
5238 0 12
5242 0 12
5244 0 12
5248 0 12
5249 0 12
5252 0 12
5253 0 12
5256 0 12
5257 0 12
5259 0 12
5266 0 12
5268 0 12
5269 0 12
5272 0 12
5273 0 12
5281 0 12
5284 0 12
5288 0 12
5289 0 12
5298 0 12
5300 0 12
5315 0 12
5319 0 3
5328 0 12
5329 0 12
5331 0 12
5350 0 8
5358 4 3
5366 0 8
5370 0 8
5372 0 8
5373 0 8
5376 0 12
5378 0 12
5380 0 12
5381 0 12
5386 0 12
5388 0 12
5389 0 12
5394 0 12
5396 0 12
5397 0 12
5400 0 12
5401 0 12
5403 0 12
5408 0 12
5410 0 12
5412 0 12
5413 0 12
5418 0 12
5420 0 12
5426 0 12
5428 0 12
5429 0 12
5432 0 12
5433 0 12
5441 0 12
5443 0 12
5448 0 12
5449 0 12
5451 0 12
5456 0 12
5457 0 12
5459 0 12
5463 0 12
5476 0 12
5482 0 12
5490 0 12
5492 0 12
5493 0 12
5505 0 12
5507 0 12
5512 0 12
5513 0 12
5520 0 12
5521 0 12
5523 0 12
5539 0 12
5544 0 12
5552 0 12
5553 0 12
5555 0 12
5575 4 8
5583 -4 -1
5614 -4 -1
5634 0 12
5638 0 12
5642 0 12
5644 0 12
5645 0 12
5654 0 12
5658 0 12
5660 0 12
5661 0 12
5666 0 12
5670 0 12
5674 0 12
5676 0 12
5677 0 12
5686 0 12
5690 0 12
5692 0 12
5696 0 12
5697 0 12
5700 0 12
5701 0 12
5704 0 12
5705 0 12
5707 0 12
5714 0 12
5716 0 12
5717 0 12
5720 0 12
5721 0 12
5723 0 12
5730 0 12
5734 0 12
5738 0 12
5740 0 12
5741 0 12
5750 0 12
5754 0 12
5756 0 12
5760 0 12
5761 0 12
5764 0 12
5765 0 12
5768 0 12
5769 0 12
5771 0 12
5778 0 12
5780 0 12
5781 0 12
5784 0 12
5785 0 12
5793 0 12
5796 0 12
5800 0 12
5801 0 12
5803 0 12
5810 0 12
5812 0 12
5816 0 12
5827 0 12
5831 0 3
5840 0 12
5841 0 12
5843 0 12
5847 0 12
5866 0 12
5878 0 12
5889 0 12
5892 0 12
5896 0 12
5897 0 12
5906 0 12
5908 0 12
5909 0 12
5921 0 12
5924 0 12
5928 0 12
5929 0 12
5938 0 12
5940 0 12
5955 0 12
5959 0 3
5968 0 12
5969 0 12
5971 0 12
5992 0 12
6002 0 12
6019 0 12
6023 0 3
6032 0 12
6033 0 12
6035 0 12
6055 0 3
6064 0 12
6147 0 12
6151 0 3
6160 0 12
6161 0 12
6163 0 12
6177 0 12
6179 0 12
6184 0 12
6185 0 12
6187 0 12
6192 0 12
6193 0 12
6195 0 12
6199 0 12
6215 0 3
6223 -6 -1
6240 0 12
6241 0 12
6244 0 12
6245 0 12
6248 0 12
6249 0 12
6251 0 12
6258 0 12
6260 0 12
6261 0 12
6264 0 12
6265 0 12
6267 0 12
6275 0 12
6279 0 3
6288 0 12
6289 0 12
6291 0 12
6295 0 12
6307 0 12
6311 0 3
6320 0 12
6321 0 12
6323 0 12
6351 -5 -1
6368 0 8
6370 0 8
6372 0 8
6373 0 8
6378 0 8
6380 0 8
6381 0 8
6386 0 8
6388 0 8
6389 0 8
6392 0 8
6393 0 8
6395 0 8
6401 0 12
6403 0 12
6408 0 12
6409 0 12
6411 0 12
6417 0 12
6419 0 12
6423 0 12
6433 0 12
6435 0 12
6440 0 12
6441 0 12
6443 0 12
6448 0 12
6449 0 12
6451 0 12
6455 0 12
6471 0 3
6479 -4 -1
6497 0 12
6499 0 12
6504 0 12
6505 0 12
6512 0 12
6513 0 12
6515 0 12
6535 0 3
6543 -4 -1
6567 0 3
6575 -4 -1
6626 -6 -1
6630 -5 -1
6634 -4 -1
6636 -4 -1
6637 -4 -1
6646 -3 -1
6650 -3 -1
6652 -3 -1
6653 -3 -1
6656 0 12
6657 0 12
6660 0 12
6661 0 12
6665 0 12
6667 0 12
6674 0 12
6676 0 12
6677 0 12
6680 0 12
6681 0 12
6683 0 12
6688 0 12
6689 0 12
6692 0 12
6693 0 12
6696 0 12
6697 0 12
6699 0 12
6706 0 12
6708 0 12
6709 0 12
6712 0 12
6713 0 12
6715 0 12
6723 0 12
6727 0 3
6736 0 12
6737 0 12
6739 0 12
6743 0 12
6752 0 12
6753 0 12
6756 0 12
6757 0 12
6760 0 12
6761 0 12
6763 0 12
6770 0 12
6772 0 12
6773 0 12
6776 0 12
6777 0 12
6779 0 12
6787 0 12
6791 0 3
6800 0 12
6801 0 12
6803 0 12
6807 0 12
6819 0 12
6823 0 3
6832 0 12
6833 0 12
6835 0 12
6839 0 12
6863 -3 -1
6881 0 12
6884 0 12
6888 0 12
6889 0 12
6898 0 12
6900 0 12
6901 0 12
6915 0 12
6919 0 3
6928 0 12
6929 0 12
6931 0 12
6947 0 12
6951 0 3
6960 0 12
6961 0 12
6963 0 12
6991 -3 -1
7011 0 12
7015 0 3
7024 0 12
7025 0 12
7027 0 12
7055 -3 -1
7087 -3 -1
7174 0 13
7182 6 3
7190 0 13
7194 0 13
7196 0 13
7197 0 13
7214 5 3
7234 0 13
7238 0 13
7242 0 13
7244 0 13
7245 0 13
7254 0 13
7258 0 13
7260 0 13
7261 0 13
7302 0 13
7310 4 3
7318 0 13
7322 0 13
7324 0 13
7325 0 13
7334 0 13
7342 4 3
7350 0 13
7354 0 13
7356 0 13
7357 0 13
7360 0 13
7362 0 13
7364 0 13
7365 0 13
7370 0 13
7372 0 13
7373 0 13
7378 0 13
7380 0 13
7381 0 13
7384 0 13
7385 0 13
7387 0 13
7438 3 3
7470 3 3
7490 0 13
7494 0 13
7498 0 13
7500 0 13
7501 0 13
7510 0 13
7514 0 13
7516 0 13
7517 0 13
7534 3 3
7554 0 13
7558 0 13
7562 0 13
7564 0 13
7565 0 13
7574 0 13
7578 0 13
7580 0 13
7581 0 13
7586 0 13
7590 0 13
7594 0 13
7596 0 13
7597 0 13
7606 0 13
7610 0 13
7612 0 13
7616 6 8
7617 5 8
7620 4 8
7621 4 8
7624 3 8
7625 3 8
7627 3 8
7634 2 8
7636 2 8
7637 2 8
7640 2 8
7641 2 8
7643 2 8
7750 0 13
7758 2 3
7766 0 13
7770 0 13
7772 0 13
7773 0 13
7814 0 13
7822 2 3
7830 0 13
7834 0 13
7836 0 13
7837 0 13
7846 0 13
7854 2 3
7862 0 13
7866 0 13
7868 0 13
7869 0 13
7872 0 13
7874 0 13
7876 0 13
7877 0 13
7882 0 13
7884 0 13
7885 0 13
7890 0 13
7892 0 13
7893 0 13
7896 0 13
7897 0 13
7899 0 13
7942 0 13
7950 2 3
7958 0 13
7962 0 13
7964 0 13
7965 0 13
7974 0 13
7982 2 3
7990 0 13
7994 0 13
7996 0 13
7997 0 13
8000 0 13
8002 0 13
8004 0 13
8005 0 13
8010 0 13
8012 0 13
8013 0 13
8018 0 13
8020 0 13
8021 0 13
8024 0 13
8025 0 13
8027 0 13
8038 0 13
8046 2 3
8054 0 13
8058 0 13
8060 0 13
8061 0 13
8064 0 13
8066 0 13
8068 0 13
8069 0 13
8074 0 13
8076 0 13
8077 0 13
8082 0 13
8084 0 13
8085 0 13
8088 0 13
8089 0 13
8091 0 13
8096 0 13
8098 0 13
8100 0 13
8101 0 13
8106 0 13
8108 0 13
8114 0 13
8116 0 13
8117 0 13
8120 0 13
8121 0 13
8123 0 13
8194 0 13
8197 0 13
8202 0 13
8204 0 13
8205 0 13
8213 0 13
8217 0 13
8219 0 13
8226 0 13
8230 0 13
8234 0 13
8236 0 13
8237 0 13
8246 0 13
8250 0 13
8252 0 13
8253 0 13
8256 0 13
8257 0 13
8260 0 13
8261 0 13
8265 0 13
8267 0 13
8274 0 13
8276 0 13
8277 0 13
8280 0 13
8281 0 13
8283 0 13
8294 0 13
8302 4 3
8310 0 13
8314 0 13
8316 0 13
8317 0 13
8322 0 13
8325 0 13
8330 0 13
8332 0 13
8333 0 13
8341 0 13
8345 0 13
8347 0 13
8352 0 13
8354 0 13
8356 0 13
8357 0 13
8362 0 13
8364 0 13
8365 0 13
8370 0 13
8372 0 13
8373 0 13
8376 0 13
8377 0 13
8379 0 13
8385 0 13
8387 0 13
8392 0 13
8393 0 13
8395 0 13
8401 0 13
8403 0 13
8407 0 13
8430 3 3
8454 0 13
8461 0 13
8470 0 13
8474 0 13
8476 0 13
8477 0 13
8482 0 13
8486 0 13
8490 0 13
8492 0 13
8493 0 13
8502 0 13
8506 0 13
8508 0 13
8509 0 13
8512 0 13
8513 0 13
8516 0 13
8517 0 13
8521 0 13
8523 0 13
8530 0 13
8532 0 13
8533 0 13
8536 0 13
8537 0 13
8539 0 13
8546 0 13
8550 0 13
8554 0 13
8556 0 13
8557 0 13
8566 0 13
8570 0 13
8572 0 13
8573 0 13
8576 0 13
8577 0 13
8580 0 13
8581 0 13
8585 0 13
8587 0 13
8594 0 13
8596 0 13
8597 0 13
8600 0 13
8601 0 13
8603 0 13
8608 0 13
8609 0 13
8612 0 13
8613 0 13
8616 0 13
8617 0 13
8619 0 13
8626 0 13
8628 0 13
8629 0 13
8632 0 13
8633 0 13
8635 0 13
8643 4 8
8647 3 8
8656 2 8
8657 2 8
8659 2 8
8663 2 8
8718 2 3
8733 0 13
8742 0 13
8750 2 3
8758 0 13
8762 0 13
8764 0 13
8765 0 13
8770 0 13
8773 0 13
8778 0 13
8780 0 13
8781 0 13
8789 0 13
8793 0 13
8795 0 13
8806 0 13
8814 2 3
8822 0 13
8826 0 13
8828 0 13
8829 0 13
8834 0 13
8837 0 13
8842 0 13
8844 0 13
8845 0 13
8853 0 13
8857 0 13
8859 0 13
8864 0 13
8866 0 13
8868 0 13
8869 0 13
8874 0 13
8876 0 13
8877 0 13
8882 0 13
8884 0 13
8885 0 13
8888 0 13
8889 0 13
8891 0 13
8897 0 13
8899 0 13
8904 0 13
8905 0 13
8907 0 13
8913 0 13
8915 0 13
8919 0 13
8934 0 13
8942 2 3
8950 0 13
8954 0 13
8956 0 13
8957 0 13
8962 0 13
8965 0 13
8970 0 13
8972 0 13
8973 0 13
8981 0 13
8985 0 13
8987 0 13
8992 0 13
8994 0 13
8996 0 13
8997 0 13
9002 0 13
9004 0 13
9005 0 13
9010 0 13
9012 0 13
9013 0 13
9016 0 13
9017 0 13
9019 0 13
9025 0 13
9027 0 13
9032 0 13
9033 0 13
9035 0 13
9041 0 13
9043 0 13
9047 0 13
9056 0 13
9058 0 13
9060 0 13
9061 0 13
9066 0 13
9068 0 13
9069 0 13
9074 0 13
9076 0 13
9077 0 13
9080 0 13
9081 0 13
9083 0 13
9089 0 13
9091 0 13
9096 0 13
9097 0 13
9099 0 13
9105 0 13
9107 0 13
9111 0 13
9121 0 13
9123 0 13
9128 0 13
9129 0 13
9131 0 13
9136 0 13
9137 0 13
9139 0 13
9143 0 13
9216 0 13
9218 0 13
9220 0 13
9221 0 13
9226 0 13
9228 0 13
9236 0 13
9237 0 13
9240 0 13
9241 0 13
9250 0 13
9254 0 13
9258 0 13
9260 0 13
9261 0 13
9270 0 13
9274 0 13
9276 0 13
9280 0 13
9281 0 13
9284 0 13
9285 0 13
9288 0 13
9289 0 13
9291 0 13
9298 0 13
9300 0 13
9301 0 13
9304 0 13
9305 0 13
9318 0 13
9326 4 3
9334 0 13
9338 0 13
9340 0 13
9341 0 13
9344 0 13
9346 0 13
9348 0 13
9349 0 13
9354 0 13
9356 0 13
9357 0 13
9364 0 13
9365 0 13
9368 0 13
9369 0 13
9371 0 13
9376 0 13
9378 0 13
9380 0 13
9381 0 13
9386 0 13
9388 0 13
9394 0 13
9396 0 13
9397 0 13
9400 0 13
9401 0 13
9409 0 13
9411 0 13
9416 0 13
9417 0 13
9419 0 13
9424 0 13
9425 0 13
9427 0 13
9431 0 13
9454 3 3
9474 0 13
9478 0 13
9482 0 13
9484 0 13
9485 0 13
9494 0 13
9498 0 13
9500 0 13
9501 0 13
9506 0 13
9510 0 13
9514 0 13
9516 0 13
9517 0 13
9526 0 13
9530 0 13
9532 0 13
9536 0 13
9537 0 13
9540 0 13
9541 0 13
9544 0 13
9545 0 13
9547 0 13
9554 0 13
9556 0 13
9557 0 13
9560 0 13
9561 0 13
9563 0 13
9570 0 13
9574 0 13
9578 0 13
9580 0 13
9581 0 13
9590 0 13
9594 0 13
9596 0 13
9600 0 13
9601 0 13
9604 0 13
9605 0 13
9608 0 13
9609 0 13
9611 0 13
9618 0 13
9620 0 13
9621 0 13
9624 0 13
9625 0 13
9633 0 13
9636 0 13
9640 0 13
9641 0 13
9643 0 13
9650 0 13
9652 0 13
9656 0 13
9667 4 8
9671 3 8
9680 2 8
9681 2 8
9683 2 8
9687 2 8
9734 0 13
9742 2 3
9750 0 13
9754 0 13
9756 0 13
9757 0 13
9766 0 13
9774 2 3
9782 0 13
9786 0 13
9788 0 13
9789 0 13
9794 0 13
9797 0 13
9802 0 13
9804 0 13
9805 0 13
9813 0 13
9816 0 13
9817 0 13
9819 0 13
9830 0 13
9838 2 3
9846 0 13
9850 0 13
9852 0 13
9853 0 13
9856 0 13
9858 0 13
9860 0 13
9861 0 13
9866 0 13
9868 0 13
9869 0 13
9876 0 13
9877 0 13
9880 0 13
9881 0 13
9883 0 13
9888 0 13
9890 0 13
9892 0 13
9893 0 13
9898 0 13
9900 0 13
9906 0 13
9908 0 13
9909 0 13
9912 0 13
9913 0 13
9915 0 13
9921 0 13
9923 0 13
9928 0 13
9929 0 13
9931 0 13
9936 0 13
9937 0 13
9939 0 13
9943 0 13
9958 0 13
9966 2 3
9974 0 13
9978 0 13
9980 0 13
9981 0 13
9984 0 13
9986 0 13
9988 0 13
9989 0 13
9994 0 13
9996 0 13
9997 0 13
10002 0 13
10004 0 13
10005 0 13
10008 0 13
10009 0 13
10011 0 13
10016 0 13
10018 0 13
10020 0 13
10021 0 13
10026 0 13
10028 0 13
10034 0 13
10036 0 13
10037 0 13
10040 0 13
10041 0 13
10049 0 13
10051 0 13
10056 0 13
10057 0 13
10059 0 13
10064 0 13
10065 0 13
10067 0 13
10071 0 13
10084 0 13
10090 0 13
10098 0 13
10100 0 13
10101 0 13
10104 0 13
10113 0 13
10115 0 13
10120 0 13
10121 0 13
10123 0 13
10128 0 13
10129 0 13
10131 0 13
10135 0 13
10147 0 13
10152 0 13
10160 0 13
10161 0 13
10163 0 13
10167 0 13
10241 0 13
10243 0 13
10248 0 13
10249 0 13
10251 0 13
10257 0 13
10259 0 13
10263 0 13
10272 0 13
10273 0 13
10276 0 13
10277 0 13
10280 0 13
10281 0 13
10283 0 13
10290 0 13
10292 0 13
10293 0 13
10296 0 13
10297 0 13
10299 0 13
10307 0 13
10311 0 3
10320 0 13
10321 0 13
10323 0 13
10327 0 13
10336 0 13
10338 0 13
10340 0 13
10341 0 13
10346 0 13
10348 0 13
10349 0 13
10354 0 13
10356 0 13
10357 0 13
10360 0 13
10361 0 13
10363 0 13
10369 0 13
10371 0 13
10376 0 13
10377 0 13
10379 0 13
10385 0 13
10387 0 13
10391 0 13
10401 0 13
10403 0 13
10408 0 13
10409 0 13
10411 0 13
10416 0 13
10417 0 13
10419 0 13
10423 0 13
10439 0 3
10447 -4 -1
10466 0 8
10470 0 8
10474 0 8
10476 0 8
10477 0 8
10486 0 13
10490 0 13
10492 0 13
10493 0 13
10496 0 13
10497 0 13
10500 0 13
10501 0 13
10505 0 13
10507 0 13
10514 0 13
10516 0 13
10517 0 13
10520 0 13
10521 0 13
10523 0 13
10528 0 13
10529 0 13
10532 0 13
10533 0 13
10536 0 13
10537 0 13
10539 0 13
10546 0 13
10548 0 13
10549 0 13
10552 0 13
10553 0 13
10555 0 13
10563 0 13
10567 0 3
10576 0 13
10577 0 13
10579 0 13
10583 0 13
10592 0 13
10593 0 13
10596 0 13
10597 0 13
10600 0 13
10601 0 13
10603 0 13
10610 0 13
10612 0 13
10613 0 13
10616 0 13
10617 0 13
10619 0 13
10627 0 13
10631 0 3
10640 0 13
10641 0 13
10643 0 13
10647 0 13
10659 0 13
10663 0 3
10672 0 13
10673 0 13
10675 0 13
10679 0 13
10703 -3 -1
10726 -4 -1
10734 -3 -1
10746 -2 -1
10748 -2 -1
10749 -2 -1
10754 0 13
10757 0 13
10762 0 13
10764 0 13
10765 0 13
10773 0 13
10777 0 13
10779 0 13
10784 0 13
10786 0 13
10788 0 13
10789 0 13
10794 0 13
10796 0 13
10797 0 13
10802 0 13
10804 0 13
10805 0 13
10808 0 13
10809 0 13
10811 0 13
10817 0 13
10819 0 13
10824 0 13
10825 0 13
10827 0 13
10833 0 13
10835 0 13
10839 0 13
10848 0 13
10850 0 13
10852 0 13
10853 0 13
10858 0 13
10860 0 13
10861 0 13
10866 0 13
10868 0 13
10869 0 13
10872 0 13
10873 0 13
10875 0 13
10881 0 13
10883 0 13
10888 0 13
10889 0 13
10891 0 13
10897 0 13
10899 0 13
10903 0 13
10913 0 13
10915 0 13
10920 0 13
10921 0 13
10923 0 13
10928 0 13
10929 0 13
10931 0 13
10935 0 13
10951 0 13
10976 0 13
10978 0 13
10980 0 13
10981 0 13
10986 0 13
10988 0 13
10989 0 13
10994 0 13
10996 0 13
10997 0 13
11000 0 13
11001 0 13
11003 0 13
11009 0 13
11011 0 13
11016 0 13
11017 0 13
11019 0 13
11025 0 13
11027 0 13
11031 0 13
11041 0 13
11043 0 13
11048 0 13
11049 0 13
11051 0 13
11056 0 13
11057 0 13
11059 0 13
11063 0 13
11079 0 13
11087 -2 -1
11105 0 13
11107 0 13
11112 0 13
11113 0 13
11115 0 13
11120 0 13
11121 0 13
11123 0 13
11127 0 13
11143 0 13
11151 -2 -1
11175 0 13
11183 -2 -1
11268 0 13
11274 0 13
11282 0 13
11284 0 13
11285 0 13
11298 0 13
11302 0 13
11306 0 13
11308 0 13
11309 0 13
11318 0 13
11322 0 13
11324 0 13
11329 0 13
11332 0 13
11336 0 13
11337 0 13
11346 0 13
11348 0 13
11349 0 13
11366 0 13
11374 4 3
11382 0 13
11386 0 13
11388 0 13
11389 0 13
11392 0 13
11394 0 13
11396 0 13
11397 0 13
11402 0 13
11404 0 13
11405 0 13
11410 0 13
11412 0 13
11413 0 13
11416 0 13
11417 0 13
11419 0 13
11428 0 13
11434 0 13
11442 0 13
11444 0 13
11445 0 13
11457 0 13
11459 0 13
11464 0 13
11465 0 13
11472 0 13
11473 0 13
11475 0 13
11502 3 3
11522 0 13
11526 0 13
11530 0 13
11532 0 13
11533 0 13
11542 0 13
11546 0 13
11548 0 13
11549 0 13
11554 0 13
11558 0 13
11562 0 13
11564 0 13
11565 0 13
11574 0 13
11578 0 13
11580 0 13
11584 0 13
11585 0 13
11588 0 13
11589 0 13
11592 0 13
11593 0 13
11595 0 13
11602 0 13
11604 0 13
11605 0 13
11608 0 13
11609 0 13
11611 0 13
11626 0 13
11638 0 13
11649 0 13
11652 0 13
11656 0 13
11657 0 13
11666 0 13
11668 0 13
11669 0 13
11681 0 13
11684 0 13
11688 0 13
11689 0 13
11698 0 13
11700 0 13
11715 4 8
11719 3 8
11728 2 8
11729 2 8
11731 2 8
11782 0 13
11790 2 3
11798 0 13
11802 0 13
11804 0 13
11805 0 13
11814 0 13
11822 2 3
11830 0 13
11834 0 13
11836 0 13
11837 0 13
11840 0 13
11842 0 13
11844 0 13
11845 0 13
11850 0 13
11852 0 13
11853 0 13
11858 0 13
11860 0 13
11861 0 13
11864 0 13
11865 0 13
11867 0 13
11878 0 13
11886 2 3
11894 0 13
11898 0 13
11900 0 13
11901 0 13
11904 0 13
11906 0 13
11908 0 13
11909 0 13
11914 0 13
11916 0 13
11917 0 13
11922 0 13
11924 0 13
11925 0 13
11928 0 13
11929 0 13
11931 0 13
11936 0 13
11938 0 13
11940 0 13
11941 0 13
11946 0 13
11948 0 13
11954 0 13
11956 0 13
11957 0 13
11960 0 13
11961 0 13
11963 0 13
11969 0 13
11971 0 13
11976 0 13
11977 0 13
11979 0 13
11984 0 13
11985 0 13
11987 0 13
11991 0 13
12022 0 13
12036 0 13
12042 0 13
12050 0 13
12052 0 13
12053 0 13
12068 0 13
12074 0 13
12082 0 13
12084 0 13
12085 0 13
12097 0 13
12099 0 13
12104 0 13
12105 0 13
12112 0 13
12113 0 13
12115 0 13
12132 0 13
12138 0 13
12146 0 13
12148 0 13
12149 0 13
12161 0 13
12163 0 13
12168 0 13
12169 0 13
12176 0 13
12177 0 13
12179 0 13
12195 0 13
12200 0 13
12208 0 13
12209 0 13
12211 0 13
12289 0 13
12291 0 13
12296 0 13
12297 0 13
12305 0 13
12307 0 13
12320 0 13
12321 0 13
12324 0 13
12325 0 13
12328 0 13
12329 0 13
12331 0 13
12338 0 13
12340 0 13
12341 0 13
12344 0 13
12345 0 13
12355 0 13
12359 0 3
12368 0 13
12369 0 13
12371 0 13
12384 0 13
12386 0 13
12388 0 13
12389 0 13
12394 0 13
12396 0 13
12397 0 13
12402 0 13
12404 0 13
12405 0 13
12408 0 13
12409 0 13
12411 0 13
12417 0 13
12419 0 13
12424 0 13
12425 0 13
12427 0 13
12433 0 13
12435 0 13
12439 0 13
12449 0 13
12451 0 13
12456 0 13
12457 0 13
12464 0 13
12465 0 13
12467 0 13
12487 0 3
12495 -4 -1
12514 0 8
12518 0 8
12522 0 8
12524 0 8
12525 0 8
12534 0 13
12538 0 13
12540 0 13
12541 0 13
12544 0 13
12545 0 13
12548 0 13
12549 0 13
12553 0 13
12555 0 13
12562 0 13
12564 0 13
12565 0 13
12568 0 13
12569 0 13
12571 0 13
12576 0 13
12577 0 13
12580 0 13
12581 0 13
12584 0 13
12585 0 13
12587 0 13
12594 0 13
12596 0 13
12597 0 13
12600 0 13
12601 0 13
12611 0 13
12615 0 3
12624 0 13
12625 0 13
12627 0 13
12631 0 13
12641 0 13
12644 0 13
12648 0 13
12649 0 13
12658 0 13
12660 0 13
12661 0 13
12675 0 13
12679 0 3
12688 0 13
12689 0 13
12691 0 13
12707 0 13
12711 0 3
12720 0 13
12721 0 13
12723 0 13
12751 -3 -1
12774 -4 -1
12782 -3 -1
12790 -2 -1
12794 -2 -1
12796 -2 -1
12797 -2 -1
12802 0 13
12805 0 13
12810 0 13
12812 0 13
12813 0 13
12821 0 13
12825 0 13
12827 0 13
12832 0 13
12834 0 13
12836 0 13
12837 0 13
12842 0 13
12844 0 13
12845 0 13
12850 0 13
12852 0 13
12853 0 13
12856 0 13
12857 0 13
12859 0 13
12865 0 13
12867 0 13
12872 0 13
12873 0 13
12875 0 13
12881 0 13
12883 0 13
12887 0 13
12896 0 13
12898 0 13
12900 0 13
12901 0 13
12906 0 13
12908 0 13
12909 0 13
12914 0 13
12916 0 13
12917 0 13
12920 0 13
12921 0 13
12923 0 13
12929 0 13
12931 0 13
12936 0 13
12937 0 13
12939 0 13
12945 0 13
12947 0 13
12951 0 13
12961 0 13
12963 0 13
12968 0 13
12969 0 13
12971 0 13
12976 0 13
12977 0 13
12979 0 13
12983 0 13
12999 0 13
13007 -2 -1
13028 0 13
13034 0 13
13042 0 13
13044 0 13
13045 0 13
13057 0 13
13059 0 13
13064 0 13
13065 0 13
13073 0 13
13075 0 13
13089 0 13
13091 0 13
13096 0 13
13097 0 13
13104 0 13
13105 0 13
13107 0 13
13127 0 13
13135 -2 -1
13155 0 13
13160 0 13
13168 0 13
13169 0 13
13171 0 13
13191 0 13
13199 -2 -1
13223 0 13
13231 -2 -1
13315 0 13
13320 0 13
13328 0 13
13329 0 13
13331 0 13
13345 0 13
13348 0 13
13352 0 13
13353 0 13
13355 0 13
13362 0 13
13364 0 13
13368 0 13
13379 0 13
13383 0 3
13392 0 13
13393 0 13
13395 0 13
13408 0 13
13410 0 13
13412 0 13
13413 0 13
13418 0 13
13420 0 13
13426 0 13
13428 0 13
13429 0 13
13432 0 13
13433 0 13
13435 0 13
13441 0 13
13443 0 13
13448 0 13
13449 0 13
13451 0 13
13456 0 13
13457 0 13
13459 0 13
13463 0 13
13475 0 13
13480 0 13
13488 0 13
13489 0 13
13491 0 13
13511 0 3
13519 -4 -1
13538 0 8
13542 0 8
13546 0 8
13548 0 8
13549 0 8
13558 0 13
13562 0 13
13564 0 13
13568 0 13
13569 0 13
13572 0 13
13573 0 13
13576 0 13
13577 0 13
13579 0 13
13586 0 13
13588 0 13
13589 0 13
13592 0 13
13593 0 13
13595 0 13
13601 0 13
13604 0 13
13608 0 13
13609 0 13
13611 0 13
13618 0 13
13620 0 13
13624 0 13
13635 0 13
13639 0 3
13648 0 13
13649 0 13
13651 0 13
13655 0 13
13665 0 13
13668 0 13
13672 0 13
13673 0 13
13682 0 13
13684 0 13
13699 0 13
13703 0 3
13712 0 13
13713 0 13
13715 0 13
13735 0 3
13744 0 13
13775 -3 -1
13798 -4 -1
13806 -3 -1
13814 -2 -1
13818 -2 -1
13820 -2 -1
13821 -2 -1
13824 0 13
13826 0 13
13828 0 13
13829 0 13
13834 0 13
13836 0 13
13837 0 13
13842 0 13
13844 0 13
13845 0 13
13848 0 13
13849 0 13
13851 0 13
13856 0 13
13858 0 13
13860 0 13
13861 0 13
13866 0 13
13868 0 13
13874 0 13
13876 0 13
13877 0 13
13880 0 13
13881 0 13
13883 0 13
13889 0 13
13891 0 13
13896 0 13
13897 0 13
13899 0 13
13904 0 13
13905 0 13
13907 0 13
13911 0 13
13920 0 13
13922 0 13
13924 0 13
13925 0 13
13930 0 13
13932 0 13
13938 0 13
13940 0 13
13941 0 13
13944 0 13
13945 0 13
13947 0 13
13953 0 13
13955 0 13
13960 0 13
13961 0 13
13963 0 13
13968 0 13
13969 0 13
13971 0 13
13975 0 13
13987 0 13
13992 0 13
14000 0 13
14001 0 13
14003 0 13
14007 0 13
14023 0 13
14031 -2 -1
14052 0 13
14058 0 13
14066 0 13
14068 0 13
14069 0 13
14081 0 13
14083 0 13
14088 0 13
14089 0 13
14096 0 13
14097 0 13
14099 0 13
14115 0 13
14120 0 13
14128 0 13
14129 0 13
14131 0 13
14151 0 13
14159 -2 -1
14179 0 13
14184 0 13
14192 0 13
14193 0 13
14195 0 13
14215 0 13
14223 -2 -1
14255 -2 -1
14343 6 13
14351 -6 -1
14371 6 13
14375 5 13
14384 4 13
14385 4 13
14387 4 13
14391 4 13
14415 -5 -1
14433 6 13
14435 5 13
14440 4 13
14441 4 13
14443 4 13
14448 3 13
14449 3 13
14451 3 13
14455 3 13
14471 4 13
14479 -4 -1
14503 4 13
14511 -4 -1
14560 6 13
14561 5 13
14564 4 13
14565 4 13
14568 3 13
14569 3 13
14571 3 13
14578 2 13
14580 2 13
14581 2 13
14584 2 13
14585 2 13
14587 2 13
14595 4 13
14599 3 13
14608 2 13
14609 2 13
14611 2 13
14615 2 13
14627 4 13
14631 3 13
14640 2 13
14641 2 13
14643 2 13
14647 2 13
14671 -3 -1
14691 4 13
14695 3 13
14704 2 13
14705 2 13
14707 2 13
14735 -3 -1
14767 -3 -1
14816 -6 -1
14818 -5 -1
14820 -4 -1
14821 -4 -1
14826 -3 -1
14828 -3 -1
14829 -3 -1
14834 -2 -1
14836 -2 -1
14837 -2 -1
14840 -2 -1
14841 -2 -1
14843 -2 -1
14849 4 13
14851 3 13
14856 2 13
14857 2 13
14859 2 13
14865 0 13
14867 0 13
14871 0 13
14881 4 13
14883 3 13
14888 2 13
14889 2 13
14891 2 13
14896 0 13
14897 0 13
14899 0 13
14903 0 13
14919 2 13
14927 -2 -1
14945 4 13
14947 3 13
14952 2 13
14953 2 13
14955 2 13
14960 0 13
14961 0 13
14963 0 13
14967 0 13
14983 2 13
14991 -2 -1
15015 2 13
15023 -2 -1
15073 4 13
15075 3 13
15080 2 13
15081 2 13
15088 0 13
15089 0 13
15091 0 13
15111 2 13
15119 -2 -1
15143 2 13
15151 -2 -1
15207 2 13
15215 -2 -1
15374 -6 -1
15430 -6 -1
15438 -5 -1
15446 -4 -1
15450 -4 -1
15452 -4 -1
15453 -4 -1
15502 -4 -1
15534 -4 -1
15554 -6 -1
15558 -5 -1
15562 -4 -1
15564 -4 -1
15565 -4 -1
15574 -3 -1
15578 -3 -1
15580 -3 -1
15581 -3 -1
15686 -4 -1
15694 -3 -1
15706 -2 -1
15708 -2 -1
15709 -2 -1
15750 -4 -1
15758 -3 -1
15766 -2 -1
15770 -2 -1
15772 -2 -1
15773 -2 -1
15782 -4 -1
15790 -3 -1
15798 -2 -1
15802 -2 -1
15804 -2 -1
15805 -2 -1
15808 -6 -1
15810 -5 -1
15812 -4 -1
15813 -4 -1
15818 -3 -1
15820 -3 -1
15821 -3 -1
15826 -2 -1
15828 -2 -1
15829 -2 -1
15832 -2 -1
15833 -2 -1
15835 -2 -1
15950 -2 -1
16014 -2 -1
16046 -2 -1
16066 -4 -1
16070 -3 -1
16076 -2 -1
16077 -2 -1
16090 0 -1
16092 0 -1
16093 0 -1
16142 -2 -1
16174 -2 -1
16194 -4 -1
16198 -3 -1
16202 -2 -1
16204 -2 -1
16205 -2 -1
16214 0 -1
16218 0 -1
16220 0 -1
16221 0 -1
16238 -2 -1
16258 -4 -1
16262 -3 -1
16266 -2 -1
16268 -2 -1
16269 -2 -1
16278 0 -1
16282 0 -1
16284 0 -1
16285 0 -1
16290 -4 -1
16294 -3 -1
16298 -2 -1
16300 -2 -1
16301 -2 -1
16310 0 -1
16314 0 -1
16316 0 -1
16390 0 5
16397 0 5
16406 0 5
16410 0 5
16412 0 5
16413 0 5
16422 0 6
16430 4 3
16438 0 6
16442 0 6
16444 0 6
16445 0 6
16450 0 6
16453 0 6
16458 0 6
16460 0 6
16461 0 6
16469 0 6
16473 0 6
16475 0 6
16494 3 3
16518 0 7
16525 0 7
16534 0 7
16538 0 7
16540 0 7
16541 0 7
16546 0 7
16550 0 7
16554 0 7
16556 0 7
16557 0 7
16566 0 7
16570 0 7
16572 0 7
16573 0 7
16576 0 7
16577 0 7
16580 0 7
16581 0 7
16585 0 7
16587 0 7
16594 0 7
16596 0 7
16597 0 7
16600 0 7
16601 0 7
16603 0 7
16654 2 3
16669 0 8
16678 0 8
16686 2 3
16694 0 8
16698 0 8
16700 0 8
16701 0 8
16706 0 8
16709 0 8
16714 0 8
16716 0 8
16717 0 8
16725 0 8
16729 0 8
16731 0 8
16742 0 8
16750 2 3
16758 0 8
16762 0 8
16764 0 8
16765 0 8
16770 0 8
16773 0 8
16778 0 8
16780 0 8
16781 0 8
16789 0 8
16793 0 8
16795 0 8
16800 0 8
16802 0 8
16804 0 8
16805 0 8
16810 0 8
16812 0 8
16813 0 8
16818 0 8
16820 0 8
16821 0 8
16824 0 8
16825 0 8
16827 0 8
16833 4 8
16835 3 8
16840 2 8
16841 2 8
16843 2 8
16849 0 8
16851 0 8
16855 0 8
16942 0 3
16966 0 2
16973 0 3
16982 0 -1
16986 0 -1
16988 0 -1
16989 0 -1
17006 0 3
17030 0 2
17037 0 3
17046 0 -1
17050 0 -1
17052 0 -1
17053 0 -1
17058 0 1
17062 0 2
17066 0 3
17068 0 3
17069 0 3
17078 0 -1
17082 0 -1
17084 0 -1
17085 0 -1
17088 0 0
17089 0 1
17092 0 2
17093 0 2
17097 0 3
17099 0 3
17106 0 -1
17108 0 -1
17109 0 -1
17112 0 -1
17113 0 -1
17115 0 -1
17134 0 3
17158 0 2
17165 0 3
17174 0 -1
17178 0 -1
17180 0 -1
17181 0 -1
17186 0 1
17190 0 2
17194 0 3
17196 0 3
17197 0 3
17206 0 -1
17210 0 -1
17212 0 -1
17213 0 -1
17216 0 0
17217 0 1
17220 0 2
17221 0 2
17225 0 3
17227 0 3
17234 0 -1
17236 0 -1
17237 0 -1
17240 0 -1
17241 0 -1
17243 0 -1
17250 0 1
17254 0 2
17258 0 3
17260 0 3
17261 0 3
17270 0 -1
17274 0 -1
17276 0 -1
17277 0 -1
17280 0 0
17281 0 1
17284 0 2
17285 0 2
17289 0 3
17291 0 3
17298 0 -1
17300 0 -1
17301 0 -1
17304 0 -1
17305 0 -1
17307 0 -1
17312 0 0
17313 0 1
17316 0 2
17317 0 2
17320 0 3
17321 0 3
17323 0 3
17330 0 -1
17332 0 -1
17333 0 -1
17336 0 -1
17337 0 -1
17339 0 -1
17410 0 5
17414 0 5
17418 0 5
17420 0 5
17421 0 5
17430 0 5
17434 0 5
17436 0 5
17446 0 6
17454 4 3
17462 0 6
17466 0 6
17468 0 6
17469 0 6
17472 0 6
17474 0 6
17476 0 6
17477 0 6
17482 0 6
17484 0 6
17485 0 6
17490 0 6
17492 0 6
17493 0 6
17496 0 6
17497 0 6
17499 0 6
17518 3 3
17538 0 7
17542 0 7
17546 0 7
17548 0 7
17549 0 7
17558 0 7
17562 0 7
17564 0 7
17565 0 7
17570 0 7
17574 0 7
17578 0 7
17580 0 7
17581 0 7
17590 0 7
17594 0 7
17596 0 7
17600 0 7
17601 0 7
17604 0 7
17605 0 7
17608 0 7
17609 0 7
17611 0 7
17618 0 7
17620 0 7
17621 0 7
17624 0 7
17625 0 7
17627 0 7
17670 0 8
17678 2 3
17686 0 8
17690 0 8
17692 0 8
17693 0 8
17702 0 8
17710 2 3
17718 0 8
17722 0 8
17724 0 8
17725 0 8
17728 0 8
17730 0 8
17732 0 8
17733 0 8
17738 0 8
17740 0 8
17741 0 8
17746 0 8
17748 0 8
17749 0 8
17752 0 8
17753 0 8
17755 0 8
17766 0 8
17774 2 3
17782 0 8
17786 0 8
17788 0 8
17789 0 8
17792 0 8
17794 0 8
17796 0 8
17797 0 8
17802 0 8
17804 0 8
17805 0 8
17810 0 8
17812 0 8
17813 0 8
17816 0 8
17817 0 8
17819 0 8
17824 0 8
17826 0 8
17828 0 8
17829 0 8
17834 0 8
17836 0 8
17842 0 8
17844 0 8
17845 0 8
17848 0 8
17849 0 8
17851 0 8
17857 4 8
17859 3 8
17864 2 8
17865 2 8
17867 2 8
17872 0 8
17873 0 8
17875 0 8
17879 0 8
17934 0 3
17966 0 3
17986 0 1
17990 0 2
17994 0 3
17996 0 3
17997 0 3
18006 0 -1
18010 0 -1
18012 0 -1
18013 0 -1
18030 0 3
18050 0 1
18054 0 2
18058 0 3
18060 0 3
18061 0 3
18070 0 -1
18074 0 -1
18076 0 -1
18077 0 -1
18082 0 1
18086 0 2
18090 0 3
18092 0 3
18093 0 3
18102 0 -1
18106 0 -1
18108 0 -1
18112 0 0
18113 0 1
18116 0 2
18117 0 2
18120 0 3
18121 0 3
18123 0 3
18130 0 -1
18132 0 -1
18133 0 -1
18136 0 -1
18137 0 -1
18139 0 -1
18158 0 3
18178 0 1
18182 0 2
18186 0 3
18188 0 3
18189 0 3
18198 0 -1
18202 0 -1
18204 0 -1
18205 0 -1
18210 0 1
18214 0 2
18218 0 3
18220 0 3
18221 0 3
18230 0 -1
18234 0 -1
18236 0 -1
18240 0 0
18241 0 1
18244 0 2
18245 0 2
18248 0 3
18249 0 3
18251 0 3
18258 0 -1
18260 0 -1
18261 0 -1
18264 0 -1
18265 0 -1
18267 0 -1
18274 0 1
18278 0 2
18282 0 3
18284 0 3
18285 0 3
18294 0 -1
18298 0 -1
18300 0 -1
18304 0 0
18305 0 1
18308 0 2
18309 0 2
18312 0 3
18313 0 3
18315 0 3
18322 0 -1
18324 0 -1
18325 0 -1
18328 0 -1
18329 0 -1
18331 0 -1
18337 0 1
18340 0 2
18344 0 3
18345 0 3
18347 0 3
18354 0 -1
18356 0 -1
18360 0 -1
18437 0 5
18443 0 5
18453 0 5
18456 0 5
18457 0 5
18459 0 5
18466 0 6
18469 0 6
18474 0 6
18476 0 6
18477 0 6
18485 0 6
18488 0 6
18489 0 6
18491 0 6
18497 0 6
18499 0 6
18504 0 6
18505 0 6
18507 0 6
18513 0 6
18515 0 6
18519 0 6
18530 0 7
18534 0 7
18538 0 7
18540 0 7
18541 0 7
18550 0 7
18554 0 7
18556 0 7
18557 0 7
18565 0 7
18571 0 7
18581 0 7
18584 0 7
18585 0 7
18587 0 7
18592 0 7
18593 0 7
18596 0 7
18597 0 7
18600 0 7
18601 0 7
18603 0 7
18610 0 7
18612 0 7
18613 0 7
18616 0 7
18617 0 7
18619 0 7
18627 0 7
18631 0 3
18640 0 7
18641 0 7
18643 0 7
18647 0 7
18662 0 8
18670 2 3
18678 0 8
18682 0 8
18684 0 8
18685 0 8
18690 0 8
18693 0 8
18698 0 8
18700 0 8
18701 0 8
18709 0 8
18713 0 8
18715 0 8
18722 0 8
18725 0 8
18730 0 8
18732 0 8
18733 0 8
18741 0 8
18744 0 8
18745 0 8
18747 0 8
18753 0 8
18755 0 8
18760 0 8
18761 0 8
18763 0 8
18769 0 8
18771 0 8
18775 0 8
18784 0 8
18786 0 8
18788 0 8
18789 0 8
18794 0 8
18796 0 8
18797 0 8
18802 0 8
18804 0 8
18805 0 8
18808 0 8
18809 0 8
18811 0 8
18817 0 8
18819 0 8
18824 0 8
18825 0 8
18827 0 8
18833 0 8
18835 0 8
18839 0 8
18849 0 8
18851 0 8
18856 0 8
18857 0 8
18859 0 8
18864 0 8
18865 0 8
18867 0 8
18871 0 8
18887 2 8
18895 -2 -1
18926 -2 -1
18950 0 2
18957 0 3
18966 0 -1
18970 0 -1
18972 0 -1
18973 0 -1
18978 0 1
18982 0 2
18986 0 3
18988 0 3
18989 0 3
18998 0 -1
19002 0 -1
19004 0 -1
19005 0 -1
19013 0 2
19019 0 3
19029 0 -1
19032 0 -1
19033 0 -1
19035 0 -1
19042 0 1
19046 0 2
19050 0 3
19052 0 3
19053 0 3
19062 0 -1
19066 0 -1
19068 0 -1
19069 0 -1
19077 0 2
19083 0 3
19093 0 -1
19096 0 -1
19097 0 -1
19099 0 -1
19104 0 0
19105 0 1
19108 0 2
19109 0 2
19112 0 3
19113 0 3
19115 0 3
19122 0 -1
19124 0 -1
19125 0 -1
19128 0 -1
19129 0 -1
19131 0 -1
19139 0 2
19143 0 3
19152 0 -1
19153 0 -1
19155 0 -1
19159 0 -1
19170 0 1
19174 0 2
19178 0 3
19180 0 3
19181 0 3
19190 0 -1
19194 0 -1
19196 0 -1
19197 0 -1
19200 0 0
19201 0 1
19204 0 2
19205 0 2
19209 0 3
19211 0 3
19218 0 -1
19220 0 -1
19221 0 -1
19224 0 -1
19225 0 -1
19227 0 -1
19232 0 0
19233 0 1
19236 0 2
19237 0 2
19240 0 3
19241 0 3
19243 0 3
19250 0 -1
19252 0 -1
19253 0 -1
19256 0 -1
19257 0 -1
19259 0 -1
19267 0 2
19271 0 3
19280 0 -1
19281 0 -1
19283 0 -1
19287 0 -1
19296 0 0
19297 0 1
19300 0 2
19301 0 2
19304 0 3
19305 0 3
19307 0 3
19314 0 -1
19316 0 -1
19317 0 -1
19320 0 -1
19321 0 -1
19323 0 -1
19331 0 2
19335 0 3
19344 0 -1
19345 0 -1
19347 0 -1
19351 0 -1
19363 0 2
19367 0 3
19376 0 -1
19377 0 -1
19379 0 -1
19383 0 -1
19458 0 5
19462 0 5
19466 0 5
19468 0 5
19469 0 5
19478 0 5
19482 0 5
19484 0 5
19494 0 6
19502 4 3
19510 0 6
19514 0 6
19516 0 6
19517 0 6
19520 0 6
19522 0 6
19524 0 6
19525 0 6
19530 0 6
19532 0 6
19533 0 6
19538 0 6
19540 0 6
19541 0 6
19544 0 6
19545 0 6
19547 0 6
19566 3 3
19586 0 7
19590 0 7
19594 0 7
19596 0 7
19597 0 7
19606 0 7
19610 0 7
19612 0 7
19613 0 7
19618 0 7
19622 0 7
19626 0 7
19628 0 7
19629 0 7
19638 0 7
19642 0 7
19644 0 7
19648 0 7
19649 0 7
19652 0 7
19653 0 7
19656 0 7
19657 0 7
19659 0 7
19666 0 7
19668 0 7
19669 0 7
19672 0 7
19673 0 7
19675 0 7
19718 0 8
19726 2 3
19734 0 8
19738 0 8
19740 0 8
19741 0 8
19750 0 8
19758 2 3
19766 0 8
19770 0 8
19772 0 8
19773 0 8
19776 0 8
19778 0 8
19780 0 8
19781 0 8
19786 0 8
19788 0 8
19789 0 8
19794 0 8
19796 0 8
19797 0 8
19800 0 8
19801 0 8
19803 0 8
19814 0 8
19822 2 3
19830 0 8
19834 0 8
19836 0 8
19837 0 8
19840 0 8
19842 0 8
19844 0 8
19845 0 8
19850 0 8
19852 0 8
19853 0 8
19858 0 8
19860 0 8
19861 0 8
19864 0 8
19865 0 8
19867 0 8
19872 0 8
19874 0 8
19876 0 8
19877 0 8
19882 0 8
19884 0 8
19890 0 8
19892 0 8
19893 0 8
19896 0 8
19897 0 8
19899 0 8
19905 4 8
19907 3 8
19912 2 8
19913 2 8
19915 2 8
19920 0 8
19921 0 8
19923 0 8
19927 0 8
19982 0 3
20014 0 3
20034 0 1
20038 0 2
20042 0 3
20044 0 3
20045 0 3
20054 0 -1
20058 0 -1
20060 0 -1
20061 0 -1
20078 0 3
20098 0 1
20102 0 2
20106 0 3
20108 0 3
20109 0 3
20118 0 -1
20122 0 -1
20124 0 -1
20125 0 -1
20130 0 1
20134 0 2
20138 0 3
20140 0 3
20141 0 3
20150 0 -1
20154 0 -1
20156 0 -1
20160 0 0
20161 0 1
20164 0 2
20165 0 2
20168 0 3
20169 0 3
20171 0 3
20178 0 -1
20180 0 -1
20181 0 -1
20184 0 -1
20185 0 -1
20187 0 -1
20206 0 3
20226 0 1
20230 0 2
20234 0 3
20236 0 3
20237 0 3
20246 0 -1
20250 0 -1
20252 0 -1
20253 0 -1
20258 0 1
20262 0 2
20266 0 3
20268 0 3
20269 0 3
20278 0 -1
20282 0 -1
20284 0 -1
20288 0 0
20289 0 1
20292 0 2
20293 0 2
20296 0 3
20297 0 3
20299 0 3
20306 0 -1
20308 0 -1
20309 0 -1
20312 0 -1
20313 0 -1
20315 0 -1
20322 0 1
20326 0 2
20330 0 3
20332 0 3
20333 0 3
20342 0 -1
20346 0 -1
20348 0 -1
20352 0 0
20353 0 1
20356 0 2
20357 0 2
20360 0 3
20361 0 3
20363 0 3
20370 0 -1
20372 0 -1
20373 0 -1
20376 0 -1
20377 0 -1
20379 0 -1
20385 0 1
20388 0 2
20392 0 3
20393 0 3
20395 0 3
20402 0 -1
20404 0 -1
20408 0 -1
20480 0 5
20481 0 5
20484 0 5
20485 0 5
20489 0 5
20491 0 5
20500 0 5
20501 0 5
20504 0 5
20505 0 5
20512 0 6
20514 0 6
20516 0 6
20517 0 6
20522 0 6
20524 0 6
20525 0 6
20532 0 6
20533 0 6
20536 0 6
20537 0 6
20539 0 6
20545 0 6
20547 0 6
20552 0 6
20553 0 6
20555 0 6
20561 0 6
20563 0 6
20567 0 6
20578 0 7
20582 0 7
20586 0 7
20588 0 7
20589 0 7
20598 0 7
20602 0 7
20604 0 7
20605 0 7
20608 0 7
20609 0 7
20612 0 7
20613 0 7
20617 0 7
20619 0 7
20628 0 7
20629 0 7
20632 0 7
20633 0 7
20635 0 7
20640 0 7
20641 0 7
20644 0 7
20645 0 7
20648 0 7
20649 0 7
20651 0 7
20658 0 7
20660 0 7
20661 0 7
20664 0 7
20665 0 7
20675 0 7
20679 0 3
20688 0 7
20689 0 7
20691 0 7
20695 0 7
20710 0 8
20718 2 3
20726 0 8
20730 0 8
20732 0 8
20733 0 8
20738 0 8
20741 0 8
20746 0 8
20748 0 8
20749 0 8
20757 0 8
20761 0 8
20763 0 8
20768 0 8
20770 0 8
20772 0 8
20773 0 8
20778 0 8
20780 0 8
20781 0 8
20788 0 8
20789 0 8
20792 0 8
20793 0 8
20795 0 8
20801 0 8
20803 0 8
20808 0 8
20809 0 8
20811 0 8
20817 0 8
20819 0 8
20823 0 8
20832 0 8
20834 0 8
20836 0 8
20837 0 8
20842 0 8
20844 0 8
20845 0 8
20850 0 8
20852 0 8
20853 0 8
20856 0 8
20857 0 8
20859 0 8
20865 0 8
20867 0 8
20872 0 8
20873 0 8
20875 0 8
20881 0 8
20883 0 8
20887 0 8
20897 0 8
20899 0 8
20904 0 8
20905 0 8
20907 0 8
20912 0 8
20913 0 8
20915 0 8
20919 0 8
20935 2 8
20943 -2 -1
20974 -2 -1
20998 0 2
21005 0 3
21014 0 -1
21018 0 -1
21020 0 -1
21021 0 -1
21026 0 1
21030 0 2
21034 0 3
21036 0 3
21037 0 3
21046 0 -1
21050 0 -1
21052 0 -1
21053 0 -1
21061 0 2
21067 0 3
21077 0 -1
21080 0 -1
21081 0 -1
21083 0 -1
21090 0 1
21094 0 2
21098 0 3
21100 0 3
21101 0 3
21110 0 -1
21114 0 -1
21116 0 -1
21117 0 -1
21120 0 0
21121 0 1
21124 0 2
21125 0 2
21129 0 3
21131 0 3
21140 0 -1
21141 0 -1
21144 0 -1
21145 0 -1
21147 0 -1
21152 0 0
21153 0 1
21156 0 2
21157 0 2
21160 0 3
21161 0 3
21163 0 3
21170 0 -1
21172 0 -1
21173 0 -1
21176 0 -1
21177 0 -1
21179 0 -1
21187 0 2
21191 0 3
21200 0 -1
21201 0 -1
21203 0 -1
21207 0 -1
21218 0 1
21222 0 2
21226 0 3
21228 0 3
21229 0 3
21238 0 -1
21242 0 -1
21244 0 -1
21245 0 -1
21248 0 0
21249 0 1
21252 0 2
21253 0 2
21257 0 3
21259 0 3
21266 0 -1
21268 0 -1
21269 0 -1
21272 0 -1
21273 0 -1
21275 0 -1
21280 0 0
21281 0 1
21284 0 2
21285 0 2
21288 0 3
21289 0 3
21291 0 3
21298 0 -1
21300 0 -1
21301 0 -1
21304 0 -1
21305 0 -1
21315 0 2
21319 0 3
21328 0 -1
21329 0 -1
21331 0 -1
21335 0 -1
21345 0 1
21348 0 2
21352 0 3
21353 0 3
21355 0 3
21362 0 -1
21364 0 -1
21365 0 -1
21368 0 -1
21379 0 2
21383 0 3
21392 0 -1
21393 0 -1
21395 0 -1
21399 0 -1
21411 0 2
21415 0 3
21424 0 -1
21425 0 -1
21427 0 -1
21431 0 -1
21505 0 5
21508 0 5
21512 0 5
21513 0 5
21515 0 5
21522 0 5
21524 0 5
21528 0 5
21536 0 6
21538 0 6
21540 0 6
21541 0 6
21546 0 6
21548 0 6
21554 0 6
21556 0 6
21557 0 6
21560 0 6
21561 0 6
21563 0 6
21569 0 6
21571 0 6
21576 0 6
21577 0 6
21579 0 6
21584 0 6
21585 0 6
21587 0 6
21591 0 6
21602 0 7
21606 0 7
21610 0 7
21612 0 7
21613 0 7
21622 0 7
21626 0 7
21628 0 7
21632 0 7
21633 0 7
21636 0 7
21637 0 7
21640 0 7
21641 0 7
21643 0 7
21650 0 7
21652 0 7
21653 0 7
21656 0 7
21657 0 7
21659 0 7
21665 0 7
21668 0 7
21672 0 7
21673 0 7
21675 0 7
21682 0 7
21684 0 7
21688 0 7
21699 0 7
21703 0 3
21712 0 7
21713 0 7
21715 0 7
21719 0 7
21734 0 8
21742 2 3
21750 0 8
21754 0 8
21756 0 8
21757 0 8
21760 0 8
21762 0 8
21764 0 8
21765 0 8
21770 0 8
21772 0 8
21773 0 8
21778 0 8
21780 0 8
21781 0 8
21784 0 8
21785 0 8
21787 0 8
21792 0 8
21794 0 8
21796 0 8
21797 0 8
21802 0 8
21804 0 8
21810 0 8
21812 0 8
21813 0 8
21816 0 8
21817 0 8
21819 0 8
21825 0 8
21827 0 8
21832 0 8
21833 0 8
21835 0 8
21840 0 8
21841 0 8
21843 0 8
21847 0 8
21856 0 8
21858 0 8
21860 0 8
21861 0 8
21866 0 8
21868 0 8
21874 0 8
21876 0 8
21877 0 8
21880 0 8
21881 0 8
21883 0 8
21889 0 8
21891 0 8
21896 0 8
21897 0 8
21899 0 8
21904 0 8
21905 0 8
21907 0 8
21911 0 8
21923 0 8
21928 0 8
21936 0 8
21937 0 8
21939 0 8
21943 0 8
21959 2 8
21967 -2 -1
21998 -2 -1
22018 0 1
22022 0 2
22026 0 3
22028 0 3
22029 0 3
22038 0 -1
22042 0 -1
22044 0 -1
22045 0 -1
22050 0 1
22054 0 2
22058 0 3
22060 0 3
22061 0 3
22070 0 -1
22074 0 -1
22076 0 -1
22080 0 0
22081 0 1
22084 0 2
22085 0 2
22088 0 3
22089 0 3
22091 0 3
22098 0 -1
22100 0 -1
22101 0 -1
22104 0 -1
22105 0 -1
22107 0 -1
22114 0 1
22118 0 2
22122 0 3
22124 0 3
22125 0 3
22134 0 -1
22138 0 -1
22140 0 -1
22144 0 0
22145 0 1
22148 0 2
22149 0 2
22152 0 3
22153 0 3
22155 0 3
22162 0 -1
22164 0 -1
22165 0 -1
22168 0 -1
22169 0 -1
22171 0 -1
22177 0 1
22180 0 2
22184 0 3
22185 0 3
22187 0 3
22194 0 -1
22196 0 -1
22200 0 -1
22211 0 2
22215 0 3
22224 0 -1
22225 0 -1
22227 0 -1
22231 0 -1
22242 0 1
22246 0 2
22250 0 3
22252 0 3
22253 0 3
22262 0 -1
22266 0 -1
22268 0 -1
22272 0 0
22273 0 1
22276 0 2
22277 0 2
22280 0 3
22281 0 3
22283 0 3
22290 0 -1
22292 0 -1
22293 0 -1
22296 0 -1
22297 0 -1
22299 0 -1
22305 0 1
22308 0 2
22312 0 3
22313 0 3
22315 0 3
22322 0 -1
22324 0 -1
22328 0 -1
22339 0 2
22343 0 3
22352 0 -1
22353 0 -1
22355 0 -1
22359 0 -1
22369 0 1
22372 0 2
22376 0 3
22377 0 3
22379 0 3
22386 0 -1
22388 0 -1
22392 0 -1
22403 0 2
22407 0 3
22416 0 -1
22417 0 -1
22419 0 -1
22423 0 -1
22439 0 3
22448 0 -1
22531 0 5
22535 0 3
22544 0 5
22545 0 5
22547 0 5
22551 0 5
22561 0 6
22563 0 6
22568 0 6
22569 0 6
22571 0 6
22576 0 6
22577 0 6
22579 0 6
22583 0 6
22599 0 3
22607 -4 -1
22624 0 7
22625 0 7
22628 0 7
22629 0 7
22632 0 7
22633 0 7
22635 0 7
22642 0 7
22644 0 7
22645 0 7
22648 0 7
22649 0 7
22651 0 7
22659 0 7
22663 0 3
22672 0 7
22673 0 7
22675 0 7
22679 0 7
22691 0 7
22695 0 3
22704 0 7
22705 0 7
22707 0 7
22711 0 7
22735 -3 -1
22752 0 8
22754 0 8
22756 0 8
22757 0 8
22762 0 8
22764 0 8
22765 0 8
22770 0 8
22772 0 8
22773 0 8
22776 0 8
22777 0 8
22779 0 8
22785 0 8
22787 0 8
22792 0 8
22793 0 8
22795 0 8
22801 0 8
22803 0 8
22807 0 8
22817 0 8
22819 0 8
22824 0 8
22825 0 8
22827 0 8
22832 0 8
22833 0 8
22835 0 8
22839 0 8
22855 0 8
22881 0 8
22883 0 8
22888 0 8
22889 0 8
22891 0 8
22896 0 8
22897 0 8
22899 0 8
22903 0 8
22919 0 8
22927 -2 -1
22951 0 8
22959 -2 -1
23010 -4 -1
23014 -3 -1
23020 -2 -1
23021 -2 -1
23034 0 -1
23036 0 -1
23037 0 -1
23040 0 0
23041 0 1
23044 0 2
23045 0 2
23049 0 3
23051 0 3
23058 0 -1
23060 0 -1
23061 0 -1
23064 0 -1
23065 0 -1
23067 0 -1
23072 0 0
23073 0 1
23076 0 2
23077 0 2
23080 0 3
23081 0 3
23083 0 3
23090 0 -1
23092 0 -1
23093 0 -1
23096 0 -1
23097 0 -1
23099 0 -1
23107 0 2
23111 0 3
23120 0 -1
23121 0 -1
23123 0 -1
23127 0 -1
23136 0 0
23137 0 1
23140 0 2
23141 0 2
23144 0 3
23145 0 3
23147 0 3
23154 0 -1
23156 0 -1
23157 0 -1
23160 0 -1
23161 0 -1
23163 0 -1
23171 0 2
23175 0 3
23184 0 -1
23185 0 -1
23187 0 -1
23191 0 -1
23203 0 2
23207 0 3
23216 0 -1
23217 0 -1
23219 0 -1
23223 0 -1
23264 0 0
23265 0 1
23268 0 2
23269 0 2
23272 0 3
23273 0 3
23275 0 3
23282 0 -1
23284 0 -1
23285 0 -1
23288 0 -1
23289 0 -1
23291 0 -1
23299 0 2
23303 0 3
23312 0 -1
23313 0 -1
23315 0 -1
23319 0 -1
23331 0 2
23335 0 3
23344 0 -1
23345 0 -1
23347 0 -1
23351 0 -1
23375 0 -1
23395 0 2
23399 0 3
23408 0 -1
23409 0 -1
23411 0 -1
23415 0 -1
23439 0 -1
23471 0 -1
23562 0 5
23574 0 5
23590 0 6
23598 4 3
23606 0 6
23610 0 6
23612 0 6
23613 0 6
23620 0 6
23626 0 6
23634 0 6
23636 0 6
23637 0 6
23662 3 3
23682 0 7
23686 0 7
23690 0 7
23692 0 7
23693 0 7
23702 0 7
23706 0 7
23708 0 7
23709 0 7
23722 0 7
23734 0 7
23745 0 7
23748 0 7
23752 0 7
23753 0 7
23762 0 7
23764 0 7
23765 0 7
23814 0 8
23822 2 3
23830 0 8
23834 0 8
23836 0 8
23837 0 8
23846 0 8
23854 2 3
23862 0 8
23866 0 8
23868 0 8
23869 0 8
23872 0 8
23874 0 8
23876 0 8
23877 0 8
23882 0 8
23884 0 8
23885 0 8
23890 0 8
23892 0 8
23893 0 8
23896 0 8
23897 0 8
23899 0 8
23926 0 8
23940 0 8
23946 0 8
23954 0 8
23956 0 8
23957 0 8
23972 0 8
23978 0 8
23986 0 8
23988 0 8
23989 0 8
24001 4 8
24003 3 8
24008 2 8
24009 2 8
24016 0 8
24017 0 8
24019 0 8
24078 0 3
24110 0 3
24130 0 1
24134 0 2
24138 0 3
24140 0 3
24141 0 3
24150 0 -1
24154 0 -1
24156 0 -1
24157 0 -1
24174 0 3
24194 0 1
24198 0 2
24202 0 3
24204 0 3
24205 0 3
24214 0 -1
24218 0 -1
24220 0 -1
24221 0 -1
24226 0 1
24230 0 2
24234 0 3
24236 0 3
24237 0 3
24246 0 -1
24250 0 -1
24252 0 -1
24256 0 0
24257 0 1
24260 0 2
24261 0 2
24264 0 3
24265 0 3
24267 0 3
24274 0 -1
24276 0 -1
24277 0 -1
24280 0 -1
24281 0 -1
24283 0 -1
24330 0 3
24342 0 -1
24362 0 3
24374 0 -1
24385 0 1
24388 0 2
24392 0 3
24393 0 3
24402 0 -1
24404 0 -1
24405 0 -1
24426 0 3
24438 0 -1
24449 0 1
24452 0 2
24456 0 3
24457 0 3
24466 0 -1
24468 0 -1
24469 0 -1
24481 0 1
24484 0 2
24488 0 3
24489 0 3
24498 0 -1
24500 0 -1
24580 0 5
24585 0 5
24594 0 5
24596 0 5
24597 0 5
24610 0 6
24612 0 6
24613 0 6
24618 0 6
24620 0 6
24621 0 6
24626 0 6
24628 0 6
24629 0 6
24633 0 6
24635 0 6
24641 0 6
24643 0 6
24648 0 6
24649 0 6
24657 0 6
24659 0 6
24674 0 7
24678 0 7
24682 0 7
24684 0 7
24685 0 7
24694 0 7
24698 0 7
24700 0 7
24701 0 7
24704 0 7
24705 0 7
24708 0 7
24709 0 7
24713 0 7
24715 0 7
24722 0 7
24724 0 7
24725 0 7
24728 0 7
24729 0 7
24731 0 7
24737 0 7
24740 0 7
24744 0 7
24745 0 7
24754 0 7
24756 0 7
24757 0 7
24771 0 7
24775 0 3
24784 0 7
24785 0 7
24787 0 7
24806 0 8
24814 2 3
24822 0 8
24826 0 8
24828 0 8
24829 0 8
24834 0 8
24837 0 8
24842 0 8
24844 0 8
24845 0 8
24853 0 8
24857 0 8
24859 0 8
24864 0 8
24866 0 8
24868 0 8
24869 0 8
24874 0 8
24876 0 8
24877 0 8
24882 0 8
24884 0 8
24885 0 8
24888 0 8
24889 0 8
24891 0 8
24897 0 8
24899 0 8
24904 0 8
24905 0 8
24907 0 8
24913 0 8
24915 0 8
24919 0 8
24932 0 8
24938 0 8
24946 0 8
24948 0 8
24949 0 8
24961 0 8
24963 0 8
24968 0 8
24969 0 8
24977 0 8
24979 0 8
24993 0 8
24995 0 8
25000 0 8
25001 0 8
25008 0 8
25009 0 8
25011 0 8
25031 2 8
25039 -2 -1
25070 -2 -1
25094 0 2
25101 0 3
25110 0 -1
25114 0 -1
25116 0 -1
25117 0 -1
25122 0 1
25126 0 2
25130 0 3
25132 0 3
25133 0 3
25142 0 -1
25146 0 -1
25148 0 -1
25149 0 -1
25152 0 0
25153 0 1
25156 0 2
25157 0 2
25161 0 3
25163 0 3
25170 0 -1
25172 0 -1
25173 0 -1
25176 0 -1
25177 0 -1
25179 0 -1
25186 0 1
25190 0 2
25194 0 3
25196 0 3
25197 0 3
25206 0 -1
25210 0 -1
25212 0 -1
25213 0 -1
25216 0 0
25217 0 1
25220 0 2
25221 0 2
25225 0 3
25227 0 3
25234 0 -1
25236 0 -1
25237 0 -1
25240 0 -1
25241 0 -1
25243 0 -1
25248 0 0
25249 0 1
25252 0 2
25253 0 2
25256 0 3
25257 0 3
25259 0 3
25266 0 -1
25268 0 -1
25269 0 -1
25272 0 -1
25273 0 -1
25275 0 -1
25283 0 2
25287 0 3
25296 0 -1
25297 0 -1
25299 0 -1
25303 0 -1
25322 0 3
25334 0 -1
25348 0 2
25353 0 3
25362 0 -1
25364 0 -1
25365 0 -1
25377 0 1
25380 0 2
25384 0 3
25385 0 3
25394 0 -1
25396 0 -1
25397 0 -1
25411 0 2
25415 0 3
25424 0 -1
25425 0 -1
25427 0 -1
25441 0 1
25444 0 2
25448 0 3
25449 0 3
25458 0 -1
25460 0 -1
25461 0 -1
25475 0 2
25479 0 3
25488 0 -1
25489 0 -1
25491 0 -1
25507 0 2
25511 0 3
25520 0 -1
25521 0 -1
25523 0 -1
25601 0 5
25604 0 5
25608 0 5
25609 0 5
25618 0 5
25620 0 5
25632 0 6
25634 0 6
25636 0 6
25637 0 6
25642 0 6
25644 0 6
25650 0 6
25652 0 6
25653 0 6
25656 0 6
25657 0 6
25665 0 6
25667 0 6
25672 0 6
25673 0 6
25680 0 6
25681 0 6
25683 0 6
25698 0 7
25702 0 7
25706 0 7
25708 0 7
25709 0 7
25718 0 7
25722 0 7
25724 0 7
25728 0 7
25729 0 7
25732 0 7
25733 0 7
25736 0 7
25737 0 7
25739 0 7
25746 0 7
25748 0 7
25749 0 7
25752 0 7
25753 0 7
25761 0 7
25764 0 7
25768 0 7
25769 0 7
25778 0 7
25780 0 7
25795 0 7
25799 0 3
25808 0 7
25809 0 7
25811 0 7
25830 0 8
25838 2 3
25846 0 8
25850 0 8
25852 0 8
25853 0 8
25856 0 8
25858 0 8
25860 0 8
25861 0 8
25866 0 8
25868 0 8
25869 0 8
25874 0 8
25876 0 8
25877 0 8
25880 0 8
25881 0 8
25883 0 8
25888 0 8
25890 0 8
25892 0 8
25893 0 8
25898 0 8
25900 0 8
25906 0 8
25908 0 8
25909 0 8
25912 0 8
25913 0 8
25921 0 8
25923 0 8
25928 0 8
25929 0 8
25931 0 8
25936 0 8
25937 0 8
25939 0 8
25943 0 8
25956 0 8
25962 0 8
25970 0 8
25972 0 8
25973 0 8
25985 0 8
25987 0 8
25992 0 8
25993 0 8
26000 0 8
26001 0 8
26003 0 8
26019 0 8
26024 0 8
26032 0 8
26033 0 8
26035 0 8
26055 2 8
26063 -2 -1
26094 -2 -1
26114 0 1
26118 0 2
26122 0 3
26124 0 3
26125 0 3
26134 0 -1
26138 0 -1
26140 0 -1
26141 0 -1
26146 0 1
26150 0 2
26154 0 3
26156 0 3
26157 0 3
26166 0 -1
26170 0 -1
26172 0 -1
26176 0 0
26177 0 1
26180 0 2
26181 0 2
26184 0 3
26185 0 3
26187 0 3
26194 0 -1
26196 0 -1
26197 0 -1
26200 0 -1
26201 0 -1
26203 0 -1
26210 0 1
26214 0 2
26218 0 3
26220 0 3
26221 0 3
26230 0 -1
26234 0 -1
26236 0 -1
26240 0 0
26241 0 1
26244 0 2
26245 0 2
26248 0 3
26249 0 3
26251 0 3
26258 0 -1
26260 0 -1
26261 0 -1
26264 0 -1
26265 0 -1
26273 0 1
26276 0 2
26280 0 3
26281 0 3
26283 0 3
26290 0 -1
26292 0 -1
26296 0 -1
26307 0 2
26311 0 3
26320 0 -1
26321 0 -1
26323 0 -1
26327 0 -1
26346 0 3
26358 0 -1
26369 0 1
26372 0 2
26376 0 3
26377 0 3
26386 0 -1
26388 0 -1
26389 0 -1
26401 0 1
26404 0 2
26408 0 3
26409 0 3
26418 0 -1
26420 0 -1
26435 0 2
26439 0 3
26448 0 -1
26449 0 -1
26451 0 -1
26472 0 3
26482 0 -1
26499 0 2
26503 0 3
26512 0 -1
26513 0 -1
26515 0 -1
26535 0 3
26544 0 -1
26627 0 5
26631 0 3
26640 0 5
26641 0 5
26643 0 5
26657 0 6
26659 0 6
26664 0 6
26665 0 6
26667 0 6
26672 0 6
26673 0 6
26675 0 6
26679 0 6
26695 0 3
26703 -4 -1
26720 0 7
26721 0 7
26724 0 7
26725 0 7
26728 0 7
26729 0 7
26731 0 7
26738 0 7
26740 0 7
26741 0 7
26744 0 7
26745 0 7
26747 0 7
26755 0 7
26759 0 3
26768 0 7
26769 0 7
26771 0 7
26775 0 7
26787 0 7
26791 0 3
26800 0 7
26801 0 7
26803 0 7
26831 -3 -1
26848 0 8
26850 0 8
26852 0 8
26853 0 8
26858 0 8
26860 0 8
26861 0 8
26866 0 8
26868 0 8
26869 0 8
26872 0 8
26873 0 8
26875 0 8
26881 0 8
26883 0 8
26888 0 8
26889 0 8
26891 0 8
26897 0 8
26899 0 8
26903 0 8
26913 0 8
26915 0 8
26920 0 8
26921 0 8
26923 0 8
26928 0 8
26929 0 8
26931 0 8
26935 0 8
26951 0 8
26959 -2 -1
26977 0 8
26979 0 8
26984 0 8
26985 0 8
26992 0 8
26993 0 8
26995 0 8
27015 0 8
27023 -2 -1
27047 0 8
27055 -2 -1
27106 -4 -1
27110 -3 -1
27114 -2 -1
27116 -2 -1
27117 -2 -1
27126 0 -1
27130 0 -1
27132 0 -1
27133 0 -1
27136 0 0
27137 0 1
27140 0 2
27141 0 2
27145 0 3
27147 0 3
27154 0 -1
27156 0 -1
27157 0 -1
27160 0 -1
27161 0 -1
27163 0 -1
27168 0 0
27169 0 1
27172 0 2
27173 0 2
27176 0 3
27177 0 3
27179 0 3
27186 0 -1
27188 0 -1
27189 0 -1
27192 0 -1
27193 0 -1
27195 0 -1
27203 0 2
27207 0 3
27216 0 -1
27217 0 -1
27219 0 -1
27223 0 -1
27232 0 0
27233 0 1
27236 0 2
27237 0 2
27240 0 3
27241 0 3
27243 0 3
27250 0 -1
27252 0 -1
27253 0 -1
27256 0 -1
27257 0 -1
27259 0 -1
27267 0 2
27271 0 3
27280 0 -1
27281 0 -1
27283 0 -1
27287 0 -1
27299 0 2
27303 0 3
27312 0 -1
27313 0 -1
27315 0 -1
27319 0 -1
27343 0 -1
27361 0 1
27364 0 2
27368 0 3
27369 0 3
27378 0 -1
27380 0 -1
27381 0 -1
27395 0 2
27399 0 3
27408 0 -1
27409 0 -1
27411 0 -1
27427 0 2
27431 0 3
27440 0 -1
27441 0 -1
27443 0 -1
27471 0 -1
27491 0 2
27495 0 3
27504 0 -1
27505 0 -1
27507 0 -1
27535 0 -1
27567 0 -1
27656 0 5
27666 0 5
27684 0 6
27690 0 6
27698 0 6
27700 0 6
27701 0 6
27704 0 6
27715 0 6
27720 0 6
27728 0 6
27729 0 6
27731 0 6
27746 0 7
27750 0 7
27754 0 7
27756 0 7
27757 0 7
27766 0 7
27770 0 7
27772 0 7
27777 0 7
27780 0 7
27784 0 7
27785 0 7
27787 0 7
27794 0 7
27796 0 7
27797 0 7
27800 0 7
27816 0 7
27826 0 7
27843 0 7
27847 0 3
27856 0 7
27857 0 7
27859 0 7
27878 0 8
27886 2 3
27894 0 8
27898 0 8
27900 0 8
27901 0 8
27904 0 8
27906 0 8
27908 0 8
27909 0 8
27914 0 8
27916 0 8
27917 0 8
27922 0 8
27924 0 8
27925 0 8
27928 0 8
27929 0 8
27931 0 8
27940 0 8
27946 0 8
27954 0 8
27956 0 8
27957 0 8
27960 0 8
27969 0 8
27971 0 8
27976 0 8
27977 0 8
27979 0 8
27984 0 8
27985 0 8
27987 0 8
27991 0 8
28004 0 8
28010 0 8
28018 0 8
28020 0 8
28021 0 8
28035 0 8
28040 0 8
28048 0 8
28049 0 8
28051 0 8
28067 0 8
28072 0 8
28080 0 8
28081 0 8
28083 0 8
28103 2 8
28111 -2 -1
28142 -2 -1
28162 0 1
28166 0 2
28170 0 3
28172 0 3
28173 0 3
28182 0 -1
28186 0 -1
28188 0 -1
28189 0 -1
28194 0 1
28198 0 2
28202 0 3
28204 0 3
28205 0 3
28214 0 -1
28218 0 -1
28220 0 -1
28224 0 0
28225 0 1
28228 0 2
28229 0 2
28232 0 3
28233 0 3
28235 0 3
28242 0 -1
28244 0 -1
28245 0 -1
28248 0 -1
28249 0 -1
28251 0 -1
28258 0 1
28262 0 2
28266 0 3
28268 0 3
28269 0 3
28278 0 -1
28282 0 -1
28284 0 -1
28289 0 1
28292 0 2
28296 0 3
28297 0 3
28299 0 3
28306 0 -1
28308 0 -1
28309 0 -1
28312 0 -1
28321 0 1
28324 0 2
28328 0 3
28329 0 3
28331 0 3
28338 0 -1
28340 0 -1
28344 0 -1
28355 0 2
28359 0 3
28368 0 -1
28369 0 -1
28371 0 -1
28375 0 -1
28394 0 3
28406 0 -1
28417 0 1
28420 0 2
28424 0 3
28425 0 3
28434 0 -1
28436 0 -1
28437 0 -1
28456 0 3
28466 0 -1
28483 0 2
28487 0 3
28496 0 -1
28497 0 -1
28499 0 -1
28520 0 3
28530 0 -1
28547 0 2
28551 0 3
28560 0 -1
28561 0 -1
28563 0 -1
28583 0 3
28592 0 -1
28675 0 5
28679 0 3
28688 0 5
28689 0 5
28691 0 5
28705 0 6
28707 0 6
28712 0 6
28713 0 6
28715 0 6
28720 0 6
28721 0 6
28723 0 6
28727 0 6
28743 0 3
28751 -4 -1
28768 0 7
28769 0 7
28772 0 7
28773 0 7
28776 0 7
28777 0 7
28779 0 7
28786 0 7
28788 0 7
28789 0 7
28792 0 7
28793 0 7
28795 0 7
28803 0 7
28807 0 3
28816 0 7
28817 0 7
28819 0 7
28823 0 7
28835 0 7
28839 0 3
28848 0 7
28849 0 7
28851 0 7
28879 -3 -1
28896 0 8
28898 0 8
28900 0 8
28901 0 8
28906 0 8
28908 0 8
28909 0 8
28914 0 8
28916 0 8
28917 0 8
28920 0 8
28921 0 8
28923 0 8
28929 0 8
28931 0 8
28936 0 8
28937 0 8
28939 0 8
28945 0 8
28947 0 8
28951 0 8
28961 0 8
28963 0 8
28968 0 8
28969 0 8
28971 0 8
28976 0 8
28977 0 8
28979 0 8
28983 0 8
28999 0 8
29007 -2 -1
29025 0 8
29027 0 8
29032 0 8
29033 0 8
29040 0 8
29041 0 8
29043 0 8
29063 0 8
29071 -2 -1
29095 0 8
29103 -2 -1
29154 -4 -1
29158 -3 -1
29162 -2 -1
29164 -2 -1
29165 -2 -1
29174 0 -1
29178 0 -1
29180 0 -1
29181 0 -1
29184 0 0
29185 0 1
29188 0 2
29189 0 2
29193 0 3
29195 0 3
29202 0 -1
29204 0 -1
29205 0 -1
29208 0 -1
29209 0 -1
29211 0 -1
29216 0 0
29217 0 1
29220 0 2
29221 0 2
29224 0 3
29225 0 3
29227 0 3
29234 0 -1
29236 0 -1
29237 0 -1
29240 0 -1
29241 0 -1
29243 0 -1
29251 0 2
29255 0 3
29264 0 -1
29265 0 -1
29267 0 -1
29271 0 -1
29280 0 0
29281 0 1
29284 0 2
29285 0 2
29288 0 3
29289 0 3
29291 0 3
29298 0 -1
29300 0 -1
29301 0 -1
29304 0 -1
29305 0 -1
29307 0 -1
29315 0 2
29319 0 3
29328 0 -1
29329 0 -1
29331 0 -1
29335 0 -1
29347 0 2
29351 0 3
29360 0 -1
29361 0 -1
29363 0 -1
29367 0 -1
29391 0 -1
29409 0 1
29412 0 2
29416 0 3
29417 0 3
29426 0 -1
29428 0 -1
29429 0 -1
29443 0 2
29447 0 3
29456 0 -1
29457 0 -1
29459 0 -1
29475 0 2
29479 0 3
29488 0 -1
29489 0 -1
29491 0 -1
29519 0 -1
29539 0 2
29543 0 3
29552 0 -1
29553 0 -1
29555 0 -1
29583 0 -1
29615 0 -1
29703 0 3
29712 0 5
29731 0 6
29736 0 6
29744 0 6
29745 0 6
29747 0 6
29751 0 6
29767 0 3
29775 -4 -1
29793 0 7
29796 0 7
29800 0 7
29801 0 7
29803 0 7
29810 0 7
29812 0 7
29816 0 7
29827 0 7
29831 0 3
29840 0 7
29841 0 7
29843 0 7
29847 0 7
29863 0 3
29872 0 7
29903 -3 -1
29920 0 8
29922 0 8
29924 0 8
29925 0 8
29930 0 8
29932 0 8
29938 0 8
29940 0 8
29941 0 8
29944 0 8
29945 0 8
29947 0 8
29953 0 8
29955 0 8
29960 0 8
29961 0 8
29963 0 8
29968 0 8
29969 0 8
29971 0 8
29975 0 8
29987 0 8
29992 0 8
30000 0 8
30001 0 8
30003 0 8
30007 0 8
30023 0 8
30031 -2 -1
30051 0 8
30056 0 8
30064 0 8
30065 0 8
30067 0 8
30087 0 8
30095 -2 -1
30127 -2 -1
30178 -4 -1
30182 -3 -1
30186 -2 -1
30188 -2 -1
30189 -2 -1
30198 0 -1
30202 0 -1
30204 0 -1
30208 0 0
30209 0 1
30212 0 2
30213 0 2
30216 0 3
30217 0 3
30219 0 3
30226 0 -1
30228 0 -1
30229 0 -1
30232 0 -1
30233 0 -1
30235 0 -1
30241 0 1
30244 0 2
30248 0 3
30249 0 3
30251 0 3
30258 0 -1
30260 0 -1
30264 0 -1
30275 0 2
30279 0 3
30288 0 -1
30289 0 -1
30291 0 -1
30295 0 -1
30305 0 1
30308 0 2
30312 0 3
30313 0 3
30315 0 3
30322 0 -1
30324 0 -1
30328 0 -1
30339 0 2
30343 0 3
30352 0 -1
30353 0 -1
30355 0 -1
30359 0 -1
30375 0 3
30384 0 -1
30415 0 -1
30433 0 1
30436 0 2
30440 0 3
30441 0 3
30450 0 -1
30452 0 -1
30467 0 2
30471 0 3
30480 0 -1
30481 0 -1
30483 0 -1
30503 0 3
30512 0 -1
30543 0 -1
30567 0 3
30576 0 -1
30607 0 -1
