4688 10
0 0 12
1 0 12
4 0 12
8 0 12
10 0 12
12 0 12
13 0 12
17 0 12
19 0 12
26 0 12
30 0 12
32 0 12
33 0 12
36 0 12
37 0 12
41 0 12
44 0 12
51 0 12
64 0 12
66 0 12
68 0 12
69 0 12
74 0 12
78 0 12
80 0 12
81 0 12
84 0 12
85 0 12
94 0 12
96 0 12
98 0 12
100 0 12
101 0 12
104 0 12
106 0 12
108 0 12
109 0 9
113 0 12
115 0 12
129 0 12
131 0 12
136 0 12
137 0 12
140 0 12
141 0 12
147 0 12
152 0 12
154 0 12
156 0 12
157 0 12
161 0 12
163 0 12
169 0 12
171 0 12
194 0 12
198 0 12
206 0 12
208 0 12
210 0 12
212 0 12
213 0 12
226 0 12
230 0 12
234 0 12
238 0 12
240 0 12
241 0 12
244 0 12
245 0 12
256 0 12
257 0 12
260 0 12
261 0 12
264 0 12
266 0 12
268 0 12
269 0 12
273 0 12
275 0 12
282 0 12
286 0 12
288 4 9
289 0 12
292 4 9
293 0 12
296 0 12
297 0 12
300 0 12
301 0 12
307 0 12
321 0 12
324 0 12
328 0 12
330 0 12
332 0 12
333 0 9
337 0 12
339 0 12
346 0 12
350 0 12
352 0 12
353 0 12
356 0 12
357 0 12
361 0 9
364 0 12
371 0 12
387 0 12
393 0 12
395 0 12
408 0 12
409 0 12
412 0 12
413 0 12
419 0 12
427 0 12
512 0 12
514 0 12
516 0 12
517 0 12
522 0 12
526 0 12
528 0 12
529 0 12
532 0 12
533 0 12
542 0 12
544 0 12
546 0 12
548 0 12
549 0 12
552 0 12
554 0 12
556 0 12
557 0 6
561 0 12
563 0 12
578 0 12
582 0 12
590 0 12
592 0 12
594 0 12
596 0 12
597 0 12
610 0 12
614 0 12
618 0 12
622 0 12
624 0 12
625 0 12
628 0 12
629 0 12
640 0 12
641 0 12
644 0 12
645 0 12
648 0 12
650 0 12
652 0 12
653 0 12
657 0 12
659 0 12
666 0 12
670 0 12
672 0 12
673 0 12
676 0 12
677 0 12
680 0 12
681 0 12
684 0 12
685 0 12
691 0 12
710 0 12
722 0 12
726 0 12
742 0 12
750 0 12
752 0 12
754 0 12
756 0 12
757 0 12
768 0 12
770 0 12
772 0 12
773 0 12
778 0 12
782 0 12
784 0 12
785 0 12
788 0 12
789 0 12
798 0 12
800 0 12
802 0 12
804 0 10
805 0 12
808 0 12
810 0 12
812 0 12
813 0 12
817 0 12
819 0 12
832 0 12
834 0 12
836 0 12
837 0 3
842 0 12
846 0 12
848 0 12
849 0 12
852 0 12
853 0 12
862 0 12
864 0 12
866 0 12
868 0 12
869 0 12
872 -4 12
874 0 12
876 0 12
877 -4 -1
881 0 12
883 0 12
897 0 12
899 0 12
904 0 12
905 0 12
908 0 12
909 0 12
915 0 12
920 0 12
922 0 12
924 0 12
925 0 12
929 0 12
931 0 12
937 0 12
939 0 12
1025 0 12
1027 0 12
1032 0 12
1033 0 12
1036 0 12
1037 0 12
1043 0 12
1048 0 12
1050 0 12
1052 0 12
1053 0 12
1057 0 12
1059 0 12
1065 0 12
1067 0 12
1088 0 12
1089 0 12
1092 0 12
1093 0 12
1096 0 12
1098 0 12
1100 0 12
1101 0 12
1105 0 12
1107 0 12
1114 0 12
1118 0 12
1120 0 12
1121 0 12
1124 0 12
1125 0 12
1128 0 12
1129 0 12
1132 0 12
1133 0 12
1139 0 12
1155 0 12
1161 0 12
1163 0 12
1176 0 12
1177 0 12
1180 0 12
1181 0 12
1187 4 12
1195 0 12
1216 0 12
1218 0 12
1220 0 12
1221 0 12
1226 0 12
1230 0 12
1232 0 12
1233 0 12
1236 0 12
1237 0 12
1246 0 12
1248 0 12
1250 0 12
1252 0 10
1253 0 12
1256 0 12
1258 0 12
1260 0 12
1261 0 12
1265 0 12
1267 0 12
1281 0 12
1283 0 12
1288 0 12
1289 0 12
1292 0 12
1293 0 12
1299 4 12
1304 0 12
1306 0 12
1308 0 10
1309 0 12
1313 4 12
1315 3 12
1321 0 12
1323 0 12
1345 0 12
1347 0 12
1352 0 12
1353 0 12
1356 0 12
1357 0 12
1363 0 12
1368 0 12
1370 0 12
1372 0 12
1373 0 12
1377 0 12
1379 0 12
1385 0 12
1387 0 12
1419 0 12
1433 0 12
1435 0 12
1538 0 12
1542 0 12
1550 0 12
1552 0 12
1554 0 12
1556 0 12
1557 0 12
1570 0 12
1574 0 12
1578 0 12
1582 0 12
1584 0 12
1585 0 12
1588 0 12
1589 0 12
1606 0 12
1618 0 12
1622 0 12
1638 0 12
1646 0 12
1648 0 12
1650 0 12
1652 0 12
1653 0 12
1664 0 12
1666 0 12
1668 0 12
1669 0 12
1674 0 12
1678 0 12
1680 0 12
1681 0 12
1684 0 12
1685 0 12
1694 0 12
1696 0 12
1698 0 12
1700 0 7
1701 0 12
1704 0 12
1706 0 12
1708 0 12
1709 0 12
1713 0 12
1715 0 12
1750 0 12
1778 0 12
1782 0 12
1794 0 12
1798 0 12
1806 0 12
1808 0 12
1810 0 12
1812 0 4
1813 0 12
1826 0 1
1830 0 12
1834 0 12
1838 0 12
1840 0 12
1841 0 12
1844 0 12
1845 0 12
1858 0 12
1862 0 12
1870 0 12
1872 0 12
1874 0 12
1876 0 12
1877 0 12
1890 0 12
1894 0 12
1898 0 12
1902 0 12
1904 0 12
1905 0 12
1908 0 12
1909 0 12
1920 0 12
1921 0 12
1924 0 12
1925 0 12
1928 0 12
1930 0 12
1932 0 12
1933 0 12
1937 0 12
1939 0 12
1946 0 12
1950 0 12
1952 0 12
1953 0 12
1956 0 12
1957 0 12
1960 0 12
1961 0 12
1964 0 12
1965 0 12
1971 0 12
2048 0 12
2049 0 12
2052 0 12
2053 0 12
2056 0 12
2058 0 12
2060 0 12
2061 0 12
2065 0 12
2067 0 12
2074 0 12
2078 0 12
2080 4 6
2081 0 12
2084 4 6
2085 0 12
2088 0 12
2089 0 12
2092 0 12
2093 0 12
2099 0 12
2112 0 12
2114 0 12
2116 0 12
2117 0 12
2122 0 12
2126 0 12
2128 0 12
2129 0 12
2132 0 12
2133 0 12
2142 0 12
2144 0 12
2146 0 12
2148 0 7
2149 0 12
2152 0 12
2154 0 12
2156 0 12
2157 0 12
2161 0 12
2163 0 12
2177 0 12
2179 0 12
2184 0 12
2185 0 12
2188 0 12
2189 0 12
2195 4 12
2200 0 12
2202 0 12
2204 0 7
2205 0 12
2209 4 12
2211 3 12
2217 0 12
2219 0 12
2242 0 12
2246 0 12
2254 0 12
2256 0 12
2258 0 12
2260 0 4
2261 0 12
2274 0 1
2278 0 12
2282 0 12
2286 0 12
2288 0 12
2289 0 12
2292 0 12
2293 0 12
2304 4 3
2305 0 12
2308 4 3
2309 0 12
2312 0 12
2314 0 12
2316 0 4
2317 0 12
2321 4 12
2323 3 12
2330 0 1
2334 0 12
2336 4 12
2337 3 12
2341 2 12
2344 0 12
2345 0 12
2348 0 12
2349 0 12
2355 2 12
2368 0 12
2369 0 12
2372 0 12
2373 0 12
2376 0 12
2378 0 12
2380 0 12
2381 0 12
2385 0 12
2387 0 12
2394 0 12
2398 0 12
2400 0 12
2401 0 12
2404 0 12
2405 0 12
2408 0 12
2409 0 12
2412 0 12
2413 0 12
2419 0 12
2435 0 12
2441 0 12
2443 0 12
2456 0 12
2457 0 12
2460 0 12
2461 0 12
2467 2 12
2475 0 12
2561 0 12
2564 0 12
2568 0 12
2570 0 12
2572 0 12
2573 0 6
2577 0 12
2579 0 12
2586 0 12
2590 0 12
2592 0 12
2593 0 12
2596 0 12
2597 0 12
2601 0 6
2604 0 12
2611 0 12
2624 0 12
2626 0 12
2628 0 12
2629 0 3
2634 0 12
2638 0 12
2640 0 12
2641 0 12
2644 0 12
2645 0 12
2654 0 12
2656 0 12
2658 0 12
2660 0 12
2661 0 12
2664 -4 12
2666 0 12
2668 0 12
2669 -4 -1
2673 0 12
2675 0 12
2689 0 12
2691 0 12
2696 0 12
2697 0 12
2700 0 12
2701 0 12
2707 0 12
2712 0 12
2714 0 12
2716 0 12
2717 0 12
2721 0 12
2723 0 12
2729 0 12
2731 0 12
2754 0 12
2758 0 12
2766 0 12
2768 0 12
2770 0 12
2772 0 12
2773 0 12
2786 0 12
2790 0 12
2794 0 12
2798 0 12
2800 0 12
2801 0 12
2804 0 12
2805 0 12
2816 0 12
2817 0 12
2820 0 12
2821 0 12
2824 0 12
2826 0 12
2828 0 12
2829 0 12
2833 0 12
2835 0 12
2842 0 12
2846 0 12
2848 0 12
2849 0 12
2852 0 12
2853 0 12
2856 0 12
2857 0 12
2860 0 12
2861 0 12
2867 0 12
2881 0 3
2884 0 12
2888 -4 12
2890 0 12
2892 0 12
2893 -4 -1
2897 0 12
2899 0 12
2906 0 12
2910 0 12
2912 0 12
2913 0 12
2916 0 12
2917 0 12
2921 -4 -1
2924 0 12
2931 0 12
2947 0 12
2953 0 12
2955 0 12
2968 0 12
2969 0 12
2972 0 12
2973 0 12
2979 0 12
2987 0 12
3075 0 12
3081 0 12
3083 0 12
3096 0 12
3097 0 12
3100 0 12
3101 0 12
3107 0 12
3115 0 12
3137 0 12
3139 0 12
3144 0 12
3145 0 12
3148 0 12
3149 0 12
3155 0 12
3160 0 12
3162 0 12
3164 0 12
3165 0 12
3169 0 12
3171 0 12
3177 0 12
3179 0 12
3211 0 12
3225 0 12
3227 0 12
3264 0 12
3265 0 12
3268 0 12
3269 0 12
3272 0 12
3274 0 12
3276 0 12
3277 0 12
3281 0 12
3283 0 12
3290 0 12
3294 0 12
3296 0 12
3297 0 12
3300 0 12
3301 0 12
3304 0 12
3305 0 12
3308 0 12
3309 0 12
3315 0 12
3331 0 12
3337 0 12
3339 0 12
3352 0 12
3353 0 12
3356 0 12
3357 0 12
3363 2 12
3371 0 12
3395 0 12
3401 0 12
3403 0 12
3416 0 12
3417 0 12
3420 0 12
3421 0 12
3427 0 12
3435 0 12
3483 0 12
4096 0 13
4098 0 13
4100 0 13
4101 0 13
4106 0 13
4110 0 13
4112 0 13
4113 0 13
4116 0 13
4117 0 13
4126 0 13
4128 0 13
4130 0 13
4132 0 13
4133 0 13
4136 0 13
4138 0 13
4140 0 13
4141 0 13
4145 0 13
4147 0 13
4162 0 13
4166 0 13
4174 0 9
4176 0 13
4178 0 13
4180 0 13
4181 0 13
4194 0 13
4198 0 13
4202 0 9
4206 0 9
4208 0 13
4209 0 13
4212 0 13
4213 0 13
4224 0 13
4225 0 13
4228 0 13
4229 0 13
4232 0 13
4234 0 13
4236 0 13
4237 0 13
4241 0 13
4243 0 13
4250 0 13
4254 0 13
4256 0 13
4257 0 13
4260 4 9
4261 0 13
4264 0 13
4265 0 13
4268 0 13
4269 0 13
4275 0 13
4294 0 13
4306 0 13
4310 0 13
4326 0 13
4334 0 9
4336 0 13
4338 0 13
4340 0 13
4341 0 13
4352 0 13
4354 0 13
4356 0 13
4357 0 13
4362 0 13
4366 0 13
4368 0 13
4369 0 13
4372 4 9
4373 0 13
4382 0 13
4384 0 13
4386 4 9
4388 3 9
4389 0 13
4392 0 13
4394 0 13
4396 0 13
4397 0 13
4401 0 13
4403 0 13
4416 0 13
4418 0 13
4420 0 13
4421 0 13
4426 0 9
4430 0 9
4432 0 13
4433 0 13
4436 0 13
4437 0 13
4446 0 9
4448 0 13
4450 0 13
4452 0 13
4453 0 13
4456 0 9
4458 0 9
4460 0 9
4461 0 9
4465 0 13
4467 0 13
4481 0 13
4483 0 13
4488 0 13
4489 0 13
4492 0 13
4493 0 13
4499 0 13
4504 0 13
4506 0 13
4508 0 13
4509 0 13
4513 0 13
4515 0 13
4521 0 13
4523 0 13
4610 0 13
4614 0 13
4622 0 6
4624 0 13
4626 0 13
4628 0 13
4629 0 13
4642 0 13
4646 0 13
4650 0 6
4654 0 6
4656 0 13
4657 0 13
4660 0 13
4661 0 13
4678 0 3
4690 0 13
4694 0 13
4710 0 13
4718 -4 -1
4720 0 13
4722 0 13
4724 0 13
4725 0 13
4736 0 13
4738 0 13
4740 0 13
4741 0 13
4746 0 13
4750 0 13
4752 0 13
4753 0 13
4756 0 13
4757 0 13
4766 0 13
4768 0 13
4770 0 13
4772 0 13
4773 0 13
4776 0 13
4778 0 13
4780 0 13
4781 0 13
4785 0 13
4787 0 13
4822 0 13
4850 0 13
4854 0 13
4866 0 13
4870 0 13
4878 0 13
4880 0 13
4882 0 13
4884 0 13
4885 0 13
4898 0 13
4902 0 13
4906 0 13
4910 0 13
4912 0 13
4913 0 13
4916 0 13
4917 0 13
4930 0 3
4934 0 3
4942 -4 -1
4944 0 13
4946 0 13
4948 0 13
4949 0 13
4962 0 13
4966 0 13
4970 -4 -1
4974 -3 -1
4976 0 13
4977 0 13
4980 0 13
4981 2 10
4992 0 13
4993 0 13
4996 0 13
4997 0 13
5000 0 13
5002 0 13
5004 0 13
5005 0 13
5009 0 13
5011 0 13
5018 0 13
5022 0 13
5024 0 13
5025 0 13
5028 0 13
5029 0 13
5032 0 13
5033 0 13
5036 0 13
5037 2 10
5043 0 13
5120 0 13
5121 0 13
5124 0 13
5125 0 13
5128 0 13
5130 0 13
5132 0 13
5133 0 13
5137 0 13
5139 0 13
5146 0 13
5150 0 13
5152 0 13
5153 0 13
5156 4 6
5157 0 13
5160 0 13
5161 0 13
5164 0 13
5165 0 13
5171 0 13
5184 0 13
5186 0 13
5188 0 13
5189 0 13
5194 0 13
5198 0 13
5200 0 13
5201 0 13
5204 0 13
5205 0 13
5214 0 13
5216 0 13
5218 0 13
5220 0 13
5221 0 13
5224 0 13
5226 0 13
5228 0 13
5229 0 13
5233 0 13
5235 0 13
5249 0 13
5251 0 13
5256 0 13
5257 0 13
5260 0 13
5261 0 13
5267 0 13
5272 0 13
5274 0 13
5276 0 13
5277 0 13
5281 0 13
5283 0 13
5289 0 13
5291 0 13
5314 0 13
5318 0 13
5326 0 13
5328 0 13
5330 0 13
5332 0 13
5333 0 13
5346 0 13
5350 0 13
5354 0 13
5358 0 13
5360 0 13
5361 0 13
5364 0 13
5365 0 13
5376 0 13
5377 0 13
5380 4 3
5381 0 13
5384 0 13
5386 0 13
5388 0 13
5389 0 13
5393 0 13
5395 0 13
5402 0 13
5406 0 13
5408 4 0
5409 0 13
5413 0 13
5416 0 13
5417 0 13
5420 0 13
5421 0 13
5427 0 13
5440 0 13
5441 0 13
5444 0 13
5445 0 13
5448 0 13
5450 0 13
5452 0 13
5453 0 13
5457 0 13
5459 0 13
5466 0 13
5470 0 13
5472 0 13
5473 0 13
5476 0 13
5477 0 13
5480 0 13
5481 0 13
5484 0 13
5485 2 10
5491 0 13
5507 0 13
5513 0 13
5515 0 13
5528 0 13
5529 0 13
5532 0 13
5533 0 13
5539 0 13
5547 0 13
5638 0 13
5650 0 13
5654 0 13
5670 0 13
5678 0 6
5680 0 13
5682 0 13
5684 0 13
5685 0 13
5718 0 13
5746 0 13
5750 0 13
5762 0 13
5766 0 13
5774 0 13
5776 0 13
5778 0 13
5780 0 13
5781 0 13
5794 0 13
5798 0 13
5802 0 13
5806 0 13
5808 0 13
5809 0 13
5812 0 13
5813 0 13
5878 0 13
5894 0 13
5906 0 13
5910 0 13
5926 0 13
5934 0 13
5936 0 13
5938 0 13
5940 0 13
5941 0 13
5958 0 3
5970 0 13
5974 0 13
5990 0 13
5998 -2 -1
6000 0 13
6002 0 13
6004 0 13
6005 0 13
6016 0 13
6018 0 13
6020 0 13
6021 0 13
6026 0 13
6030 0 13
6032 0 13
6033 0 13
6036 0 13
6037 0 13
6046 0 13
6048 0 13
6050 0 13
6052 0 13
6053 0 13
6056 0 13
6058 0 13
6060 0 13
6061 0 13
6065 0 13
6067 0 13
6144 0 13
6146 0 13
6148 0 13
6149 0 13
6154 0 13
6158 0 13
6160 0 13
6161 0 13
6164 4 6
6165 0 13
6174 0 13
6176 0 13
6178 4 6
6180 3 6
6181 0 13
6184 0 13
6186 0 13
6188 0 13
6189 0 13
6193 0 13
6195 0 13
6210 0 13
6214 0 13
6222 0 13
6224 0 13
6226 0 13
6228 0 13
6229 0 13
6242 0 13
6246 0 13
6250 0 13
6254 0 13
6256 0 13
6257 0 13
6260 0 13
6261 0 13
6272 0 13
6273 0 13
6276 4 3
6277 0 13
6280 0 13
6282 0 13
6284 0 13
6285 0 13
6289 0 13
6291 0 13
6298 0 13
6302 0 13
6304 4 0
6305 0 13
6309 0 13
6312 0 13
6313 0 13
6316 0 13
6317 0 13
6323 0 13
6342 0 13
6354 0 13
6358 0 13
6374 0 13
6382 0 13
6384 0 13
6386 0 13
6388 0 13
6389 0 13
6400 0 13
6402 4 3
6404 3 3
6405 0 13
6410 0 13
6414 0 13
6416 4 0
6417 0 13
6421 0 13
6430 0 13
6432 3 0
6437 0 13
6440 0 13
6442 0 13
6444 0 13
6445 0 13
6449 0 13
6451 0 13
6464 0 13
6466 0 13
6468 0 13
6469 0 13
6474 0 13
6478 0 13
6480 0 13
6481 0 13
6484 0 13
6485 0 13
6494 0 13
6496 0 13
6498 0 13
6500 0 13
6501 0 13
6504 0 13
6506 0 13
6508 0 13
6509 0 13
6513 0 13
6515 0 13
6529 0 13
6531 0 13
6536 0 13
6537 0 13
6540 0 13
6541 0 13
6547 0 13
6552 0 13
6554 0 13
6556 0 13
6557 0 13
6561 0 13
6563 0 13
6569 0 13
6571 0 13
6656 0 13
6658 0 13
6660 0 13
6661 0 13
6666 0 6
6670 0 6
6672 0 13
6673 0 13
6676 0 13
6677 0 13
6686 0 6
6688 0 13
6690 0 13
6692 0 13
6693 0 13
6696 0 6
6698 0 6
6700 0 6
6701 0 6
6705 0 13
6707 0 13
6722 0 3
6726 0 3
6734 -4 -1
6736 0 13
6738 0 13
6740 0 13
6741 0 13
6754 0 13
6758 0 13
6762 -4 -1
6766 -3 -1
6768 0 13
6769 0 13
6772 0 13
6773 2 7
6784 0 13
6785 0 13
6788 0 13
6789 0 13
6792 0 13
6794 0 13
6796 0 13
6797 0 13
6801 0 13
6803 0 13
6810 0 13
6814 0 13
6816 0 13
6817 0 13
6820 0 13
6821 0 13
6824 0 13
6825 0 13
6828 0 13
6829 2 7
6835 0 13
6854 0 3
6866 0 13
6870 0 13
6886 0 13
6894 -2 -1
6896 0 13
6898 0 13
6900 0 13
6901 0 13
6912 0 13
6914 0 13
6916 0 13
6917 0 13
6922 0 13
6926 0 13
6928 0 13
6929 0 13
6932 0 13
6933 0 13
6942 0 13
6944 0 13
6946 0 13
6948 0 13
6949 0 13
6952 0 13
6954 0 13
6956 0 13
6957 0 13
6961 0 13
6963 0 13
6976 0 3
6978 0 3
6980 0 3
6981 0 3
6986 -4 -1
6990 -3 -1
6992 0 13
6993 0 13
6996 0 13
6997 2 4
7006 -2 -1
7008 0 13
7010 0 13
7012 0 13
7013 0 13
7016 -4 -1
7018 -3 -1
7020 -2 -1
7025 2 13
7027 0 13
7041 0 13
7043 0 13
7048 0 13
7049 0 13
7052 0 13
7053 2 4
7059 0 13
7064 0 13
7066 0 13
7068 0 13
7069 0 13
7073 0 13
7075 0 13
7081 2 13
7083 0 13
7169 0 13
7171 0 13
7176 0 13
7177 0 13
7180 0 13
7181 0 13
7187 0 13
7192 0 13
7194 0 13
7196 0 13
7197 0 13
7201 0 13
7203 0 13
7209 0 13
7211 0 13
7232 0 13
7233 0 13
7236 0 13
7237 0 13
7240 0 13
7242 0 13
7244 0 13
7245 0 13
7249 0 13
7251 0 13
7258 0 13
7262 0 13
7264 0 13
7265 0 13
7268 0 13
7269 0 13
7272 0 13
7273 0 13
7276 0 13
7277 2 7
7283 0 13
7299 0 13
7305 0 13
7307 0 13
7320 0 13
7321 0 13
7324 0 13
7325 0 13
7331 0 13
7339 0 13
7360 0 13
7362 0 13
7364 0 13
7365 0 13
7370 0 13
7374 0 13
7376 0 13
7377 0 13
7380 0 13
7381 0 13
7390 0 13
7392 0 13
7394 0 13
7396 0 13
7397 0 13
7400 0 13
7402 0 13
7404 0 13
7405 0 13
7409 0 13
7411 0 13
7425 0 13
7427 0 13
7432 0 13
7433 0 13
7436 0 13
7437 0 13
7443 0 13
7448 0 13
7450 0 13
7452 0 13
7453 0 13
7457 0 13
7459 0 13
7465 0 13
7467 0 13
7489 0 13
7491 0 13
7496 0 13
7497 0 13
7500 0 13
7501 2 4
7507 0 13
7512 0 13
7514 0 13
7516 0 13
7517 0 13
7521 0 13
7523 0 13
7529 2 13
7531 0 13
7563 0 13
7577 0 13
7579 0 13
8193 0 13
8195 0 13
8200 0 13
8201 0 13
8204 0 13
8205 0 13
8211 0 13
8216 0 13
8218 0 13
8220 0 13
8221 0 13
8225 0 13
8227 0 13
8233 0 13
8235 0 13
8256 0 13
8257 0 13
8260 0 13
8261 0 13
8264 0 13
8266 0 13
8268 0 13
8269 0 9
8273 0 13
8275 0 13
8282 0 13
8286 0 13
8288 0 13
8289 0 13
8292 0 13
8293 0 13
8296 0 13
8297 0 9
8300 0 13
8301 0 9
8307 0 13
8323 0 13
8329 0 13
8331 0 13
8344 0 13
8345 0 13
8348 0 13
8349 0 13
8355 4 9
8363 0 13
8384 0 13
8386 0 13
8388 0 13
8389 0 13
8394 0 13
8398 0 13
8400 0 13
8401 0 13
8404 0 13
8405 0 13
8414 0 13
8416 0 13
8418 0 13
8420 0 13
8421 0 13
8424 0 13
8426 0 13
8428 0 13
8429 0 9
8433 0 13
8435 0 13
8449 0 13
8451 0 13
8456 0 13
8457 0 13
8460 0 13
8461 0 13
8467 4 9
8472 0 13
8474 0 13
8476 0 13
8477 0 13
8481 4 9
8483 3 9
8489 0 13
8491 0 13
8513 0 13
8515 0 13
8520 0 13
8521 0 9
8524 0 13
8525 0 9
8531 0 13
8536 0 13
8538 0 13
8540 0 13
8541 0 9
8545 0 13
8547 0 13
8553 0 9
8555 0 9
8587 0 13
8601 0 13
8603 0 13
8704 0 13
8705 0 13
8708 0 13
8709 0 13
8712 0 13
8714 0 13
8716 0 13
8717 0 6
8721 0 13
8723 0 13
8730 0 13
8734 0 13
8736 0 13
8737 0 13
8740 0 13
8741 0 13
8744 0 13
8745 0 6
8748 0 13
8749 0 6
8755 0 13
8768 0 13
8770 0 13
8772 0 13
8773 0 3
8778 0 13
8782 0 13
8784 0 13
8785 0 13
8788 0 13
8789 0 13
8798 0 13
8800 0 13
8802 0 13
8804 0 13
8805 0 13
8808 0 0
8810 0 13
8812 0 13
8813 -4 -1
8817 0 13
8819 0 13
8833 0 13
8835 0 13
8840 0 13
8841 0 13
8844 0 13
8845 0 13
8851 0 13
8856 0 13
8858 0 13
8860 0 13
8861 0 13
8865 0 13
8867 0 13
8873 0 13
8875 0 13
8898 0 13
8902 0 13
8910 0 13
8912 0 13
8914 0 13
8916 0 13
8917 0 13
8930 0 13
8934 0 13
8938 0 13
8942 0 13
8944 0 13
8945 0 13
8948 0 13
8949 0 13
8960 0 13
8961 0 13
8964 0 13
8965 0 13
8968 0 13
8970 0 13
8972 0 13
8973 0 13
8977 0 13
8979 0 13
8986 0 13
8990 0 13
8992 0 13
8993 0 13
8996 0 13
8997 0 13
9000 0 13
9001 0 13
9004 0 13
9005 0 13
9011 0 13
9024 0 13
9025 0 3
9028 0 13
9029 0 3
9032 0 0
9034 0 13
9036 0 13
9037 -4 -1
9041 0 13
9043 0 13
9050 0 13
9054 0 13
9056 0 13
9057 0 13
9060 0 13
9061 0 13
9064 0 0
9065 -4 -1
9068 0 13
9069 -3 -1
9075 0 13
9091 0 13
9097 0 13
9099 0 13
9112 0 13
9113 0 13
9116 0 13
9117 0 13
9123 0 13
9131 0 13
9219 0 13
9225 0 13
9227 0 13
9240 0 13
9241 0 13
9244 0 13
9245 0 13
9251 4 6
9259 0 13
9281 0 13
9283 0 13
9288 0 13
9289 0 13
9292 0 13
9293 0 13
9299 0 13
9304 0 13
9306 0 13
9308 0 13
9309 0 13
9313 0 13
9315 0 13
9321 0 13
9323 0 13
9355 0 13
9369 0 13
9371 0 13
9408 0 13
9409 0 13
9412 0 13
9413 0 13
9416 0 13
9418 0 13
9420 0 13
9421 0 13
9425 0 13
9427 0 13
9434 0 13
9438 0 13
9440 0 13
9441 0 13
9444 0 13
9445 0 13
9448 0 13
9449 0 13
9452 0 13
9453 0 13
9459 0 13
9475 4 3
9481 0 13
9483 0 13
9496 0 13
9497 0 13
9500 0 13
9501 0 13
9515 0 13
9539 0 13
9545 0 13
9547 0 13
9560 0 13
9561 0 13
9564 0 13
9565 0 13
9571 0 13
9579 0 13
9627 0 13
9728 0 13
9730 0 13
9732 0 13
9733 0 13
9738 0 13
9742 0 13
9744 0 13
9745 0 13
9748 0 13
9749 0 13
9758 0 13
9760 0 13
9762 0 13
9764 0 13
9765 0 13
9768 0 13
9770 0 13
9772 0 13
9773 0 6
9777 0 13
9779 0 13
9794 0 13
9798 0 13
9806 0 13
9808 0 13
9810 0 13
9812 0 13
9813 0 13
9826 0 13
9830 0 13
9834 0 13
9838 0 13
9840 0 13
9841 0 13
9844 0 13
9845 0 13
9856 0 13
9857 0 13
9860 0 13
9861 0 13
9864 0 13
9866 0 13
9868 0 13
9869 0 13
9873 0 13
9875 0 13
9882 0 13
9886 0 13
9888 0 13
9889 0 13
9892 0 13
9893 0 13
9896 0 13
9897 0 13
9900 0 13
9901 0 13
9907 0 13
9926 0 13
9938 0 13
9942 0 13
9958 0 13
9966 0 13
9968 0 13
9970 0 13
9972 0 13
9973 0 13
9984 0 13
9986 0 13
9988 0 13
9989 0 13
9994 0 13
9998 0 13
10000 0 13
10001 0 13
10004 0 13
10005 0 13
10014 0 13
10016 0 13
10018 0 13
10020 -2 -1
10021 0 13
10024 0 13
10026 0 13
10028 0 13
10029 0 13
10033 0 13
10035 0 13
10048 0 13
10050 0 13
10052 0 13
10053 0 3
10058 0 13
10062 0 13
10064 0 13
10065 0 13
10068 0 13
10069 0 13
10078 0 13
10080 0 13
10082 0 13
10084 0 13
10085 0 13
10088 0 0
10090 0 13
10092 0 13
10097 0 13
10099 0 13
10113 0 13
10115 0 13
10120 0 13
10121 0 13
10124 0 13
10125 0 13
10131 0 13
10136 0 13
10138 0 13
10140 0 13
10141 0 13
10145 0 13
10147 0 13
10153 0 13
10155 0 13
10241 0 13
10243 0 13
10248 0 13
10249 0 13
10252 0 13
10253 0 13
10259 4 6
10264 0 13
10266 0 13
10268 0 13
10269 0 13
10273 4 6
10275 3 6
10281 0 13
10283 0 13
10304 0 13
10305 0 13
10308 0 13
10309 0 13
10312 0 13
10314 0 13
10316 0 13
10317 0 13
10321 0 13
10323 0 13
10330 0 13
10334 0 13
10336 0 13
10337 0 13
10340 0 13
10341 0 13
10344 0 13
10345 0 13
10348 0 13
10349 0 13
10355 0 13
10371 4 3
10377 0 13
10379 0 13
10392 0 13
10393 0 13
10396 0 13
10397 0 13
10411 0 13
10432 0 13
10434 0 13
10436 0 13
10437 0 13
10442 0 13
10446 0 13
10448 0 13
10449 0 13
10452 0 13
10453 0 13
10462 0 13
10464 0 13
10466 0 13
10468 -2 -1
10469 0 13
10472 0 13
10474 0 13
10476 0 13
10477 0 13
10481 0 13
10483 0 13
10497 4 3
10499 3 3
10504 0 13
10505 0 13
10508 0 13
10509 0 13
10520 0 13
10522 0 13
10524 -2 -1
10525 0 13
10537 0 13
10539 0 13
10561 0 13
10563 0 13
10568 0 13
10569 0 13
10572 0 13
10573 0 13
10579 0 13
10584 0 13
10586 0 13
10588 0 13
10589 0 13
10593 0 13
10595 0 13
10601 0 13
10603 0 13
10635 0 13
10649 0 13
10651 0 13
10753 0 13
10755 0 13
10760 0 13
10761 0 6
10764 0 13
10765 0 6
10771 0 13
10776 0 13
10778 0 13
10780 0 13
10781 0 6
10785 0 13
10787 0 13
10793 0 6
10795 0 6
10816 0 13
10817 0 3
10820 0 13
10821 0 3
10824 0 0
10826 0 13
10828 0 13
10829 -4 -1
10833 0 13
10835 0 13
10842 0 13
10846 0 13
10848 0 13
10849 0 13
10852 0 13
10853 0 13
10856 0 0
10857 -4 -1
10860 0 13
10861 -3 -1
10867 0 13
10883 0 13
10889 0 13
10891 0 13
10904 0 13
10905 0 13
10908 0 13
10909 0 13
10915 0 13
10923 0 13
10944 0 13
10946 0 13
10948 0 13
10949 0 3
10954 0 13
10958 0 13
10960 0 13
10961 0 13
10964 0 13
10965 0 13
10974 0 13
10976 0 13
10978 0 13
10980 0 13
10981 0 13
10984 0 0
10986 0 13
10988 0 13
10993 0 13
10995 0 13
11009 0 13
11011 0 13
11016 0 13
11017 0 13
11020 0 13
11021 0 13
11027 0 13
11032 0 13
11034 0 13
11036 0 13
11037 0 13
11041 0 13
11043 0 13
11049 0 13
11051 0 13
11073 0 3
11075 0 3
11080 0 0
11081 -4 -1
11084 0 13
11085 -3 -1
11091 0 13
11096 0 0
11098 0 13
11100 0 13
11105 0 13
11107 0 13
11113 -3 -1
11147 0 13
11161 0 13
11163 0 13
11275 0 13
11289 0 13
11291 0 13
11331 0 13
11337 0 13
11339 0 13
11352 0 13
11353 0 13
11356 0 13
11357 0 13
11363 0 13
11371 0 13
11419 0 13
11457 0 13
11459 0 13
11464 0 13
11465 0 13
11468 0 13
11469 0 13
11475 0 13
11480 0 13
11482 0 13
11484 0 13
11485 0 13
11489 0 13
11491 0 13
11497 0 13
11499 0 13
11531 0 13
11545 0 13
11547 0 13
11595 0 13
11609 0 13
11611 0 13
12290 0 9
12294 0 9
12302 0 9
12304 0 9
12306 0 9
12308 0 9
12309 0 9
12322 0 9
12326 0 9
12330 0 9
12334 0 9
12336 0 9
12337 0 9
12340 0 9
12341 0 9
12358 0 9
12370 0 9
12374 0 9
12390 0 9
12398 0 9
12400 0 9
12402 0 9
12404 0 9
12405 0 9
12416 0 9
12418 0 9
12420 0 9
12421 0 9
12426 0 9
12430 0 9
12432 0 9
12433 0 9
12436 4 9
12437 0 9
12446 0 9
12448 0 9
12450 4 9
12452 3 9
12453 0 9
12456 0 9
12458 0 9
12460 0 9
12461 0 9
12465 0 9
12467 0 9
12502 0 9
12530 0 9
12534 0 9
12546 0 9
12550 0 9
12558 0 9
12560 0 9
12562 4 9
12564 3 9
12565 0 9
12578 3 9
12582 2 9
12586 0 9
12590 0 9
12592 0 9
12593 0 9
12596 2 9
12597 0 9
12610 0 9
12614 0 9
12622 0 9
12624 0 9
12626 0 9
12628 0 9
12629 0 9
12642 0 9
12646 0 9
12650 0 9
12654 0 9
12656 0 9
12657 0 9
12660 0 9
12661 0 9
12672 0 9
12673 0 9
12676 0 9
12677 0 9
12680 0 9
12682 0 9
12684 0 9
12685 0 9
12689 0 9
12691 0 9
12698 0 9
12702 0 9
12704 0 9
12705 0 9
12708 2 9
12709 0 9
12712 0 9
12713 0 9
12716 0 9
12717 0 9
12723 0 9
12806 0 10
12818 0 10
12822 0 10
12838 0 10
12846 0 6
12848 0 10
12850 0 10
12852 0 10
12853 0 10
12886 0 10
12914 0 10
12918 0 10
12930 0 10
12934 0 10
12942 0 10
12944 0 10
12946 0 10
12948 0 10
12949 0 10
12962 0 10
12966 0 10
12970 0 10
12974 0 10
12976 0 10
12977 0 10
12980 0 10
12981 0 10
13046 0 10
13062 0 10
13074 0 10
13078 0 10
13094 0 10
13102 0 10
13104 0 10
13106 0 10
13108 0 10
13109 0 10
13126 0 3
13138 0 10
13142 0 10
13158 0 10
13166 -2 -1
13168 0 10
13170 0 10
13172 0 10
13173 0 10
13184 0 10
13186 0 10
13188 0 10
13189 0 10
13194 0 10
13198 0 10
13200 0 10
13201 0 10
13204 0 10
13205 0 10
13214 0 10
13216 0 10
13218 0 10
13220 0 10
13221 0 10
13224 0 10
13226 0 10
13228 0 10
13229 0 10
13233 0 10
13235 0 10
13312 0 10
13314 0 10
13316 0 10
13317 0 10
13322 0 10
13326 0 10
13328 0 10
13329 0 10
13332 4 6
13333 0 10
13342 0 10
13344 0 10
13346 4 6
13348 3 6
13349 0 10
13352 0 10
13354 0 10
13356 0 10
13357 0 10
13361 0 10
13363 0 10
13378 0 10
13382 0 10
13390 0 10
13392 0 10
13394 0 10
13396 0 10
13397 0 10
13410 0 10
13414 0 10
13418 0 10
13422 0 10
13424 0 10
13425 0 10
13428 0 10
13429 0 10
13440 0 10
13441 0 10
13444 4 3
13445 0 10
13448 0 10
13450 0 10
13452 0 10
13453 0 10
13457 0 10
13459 0 10
13466 0 10
13470 0 10
13472 4 0
13473 0 10
13477 0 10
13480 0 10
13481 0 10
13484 0 10
13485 0 10
13491 0 10
13510 0 10
13522 0 10
13526 0 10
13542 0 10
13550 0 10
13552 0 10
13554 0 10
13556 0 10
13557 0 10
13568 0 10
13570 4 3
13572 3 3
13573 0 10
13578 0 10
13582 0 10
13584 4 0
13585 0 10
13589 0 10
13598 0 10
13600 3 0
13605 0 10
13608 0 10
13610 0 10
13612 0 10
13613 0 10
13617 0 10
13619 0 10
13632 0 10
13634 0 10
13636 0 10
13637 0 10
13642 0 10
13646 0 10
13648 0 10
13649 0 10
13652 0 10
13653 0 10
13662 0 10
13664 0 10
13666 0 10
13668 0 10
13669 0 10
13672 0 10
13674 0 10
13676 0 10
13677 0 10
13681 0 10
13683 0 10
13697 0 10
13699 0 10
13704 0 10
13705 0 10
13708 0 10
13709 0 10
13715 0 10
13720 0 10
13722 0 10
13724 0 10
13725 0 10
13729 0 10
13731 0 10
13737 0 10
13739 0 10
13846 0 6
13874 0 6
13878 0 6
13942 0 7
13958 0 7
13970 0 7
13974 0 7
13990 0 7
13998 0 7
14000 0 7
14002 0 7
14004 0 7
14005 0 7
14102 0 4
14130 0 1
14134 0 -1
14166 0 4
14194 0 1
14198 0 -1
14210 0 3
14214 0 3
14222 0 4
14224 0 4
14226 0 4
14228 0 4
14229 0 4
14242 0 1
14246 0 -1
14250 0 1
14254 0 -1
14256 0 0
14257 0 1
14260 0 -1
14261 0 -1
14338 0 6
14342 0 6
14350 0 6
14352 0 6
14354 4 6
14356 3 6
14357 0 6
14370 3 6
14374 2 6
14378 0 6
14382 0 6
14384 0 6
14385 0 6
14388 2 6
14389 0 6
14406 0 7
14418 0 7
14422 0 7
14438 0 7
14446 0 7
14448 0 7
14450 0 7
14452 0 7
14453 0 7
14464 0 7
14466 4 3
14468 3 3
14469 0 7
14474 0 7
14478 0 7
14480 4 0
14481 0 7
14485 0 7
14494 0 7
14496 3 0
14501 0 7
14504 0 7
14506 0 7
14508 0 7
14509 0 7
14513 0 7
14515 0 7
14550 0 4
14578 0 1
14582 0 -1
14594 3 3
14598 2 3
14606 0 4
14608 3 0
14613 0 4
14634 0 1
14638 0 -1
14640 2 0
14641 0 1
14645 0 -1
14658 0 3
14662 0 3
14670 0 4
14672 0 4
14674 0 4
14676 0 4
14677 0 4
14690 0 1
14694 0 -1
14698 0 1
14702 0 -1
14704 0 0
14705 0 1
14708 0 -1
14709 0 -1
14720 0 3
14721 0 3
14724 2 3
14725 0 3
14728 0 4
14730 0 4
14732 0 4
14733 0 4
14737 0 4
14739 0 4
14746 0 1
14750 0 -1
14752 2 0
14753 0 1
14757 0 -1
14760 0 0
14761 0 1
14764 0 -1
14765 0 -1
14771 0 -1
14850 0 6
14854 0 6
14862 0 6
14864 0 6
14866 0 6
14868 0 6
14869 0 6
14882 0 6
14886 0 6
14890 0 6
14894 0 6
14896 0 6
14897 0 6
14900 0 6
14901 0 6
14918 0 3
14930 0 7
14934 0 7
14950 0 7
14958 -2 -1
14960 0 7
14962 0 7
14964 0 7
14965 0 7
14976 0 7
14978 0 7
14980 0 7
14981 0 7
14986 0 7
14990 0 7
14992 0 7
14993 0 7
14996 0 7
14997 0 7
15006 0 7
15008 0 7
15010 0 7
15012 0 7
15013 0 7
15016 0 7
15018 0 7
15020 0 7
15021 0 7
15025 0 7
15027 0 7
15062 0 4
15090 0 1
15094 0 -1
15106 0 3
15110 0 3
15118 0 4
15120 0 4
15122 0 4
15124 0 4
15125 0 4
15138 0 1
15142 0 -1
15146 0 1
15150 0 -1
15152 0 0
15153 0 1
15156 0 -1
15157 0 -1
15170 0 3
15174 0 3
15182 -2 -1
15184 0 4
15186 0 4
15188 0 4
15189 0 4
15202 0 1
15206 0 -1
15216 0 0
15217 0 1
15220 0 -1
15232 0 3
15233 0 3
15236 0 3
15237 0 3
15240 0 4
15242 0 4
15244 0 4
15245 0 4
15249 0 4
15251 0 4
15258 0 1
15262 0 -1
15264 0 0
15265 0 1
15268 0 -1
15269 0 -1
15272 0 0
15273 0 1
15276 0 -1
15283 0 -1
15360 0 6
15361 0 6
15364 0 6
15365 0 6
15368 0 6
15370 0 6
15372 0 6
15373 0 6
15377 0 6
15379 0 6
15386 0 6
15390 0 6
15392 0 6
15393 0 6
15396 2 6
15397 0 6
15400 0 6
15401 0 6
15404 0 6
15405 0 6
15411 0 6
15424 0 7
15426 0 7
15428 0 7
15429 0 7
15434 0 7
15438 0 7
15440 0 7
15441 0 7
15444 0 7
15445 0 7
15454 0 7
15456 0 7
15458 0 7
15460 0 7
15461 0 7
15464 0 7
15466 0 7
15468 0 7
15469 0 7
15473 0 7
15475 0 7
15489 0 7
15491 0 7
15496 0 7
15497 0 7
15500 0 7
15501 0 7
15507 0 7
15512 0 7
15514 0 7
15516 0 7
15517 0 7
15521 0 7
15523 0 7
15529 0 7
15531 0 7
15554 0 3
15558 0 3
15566 0 4
15568 0 4
15570 0 4
15572 0 4
15573 0 4
15586 0 1
15590 0 -1
15594 0 1
15598 0 -1
15600 0 0
15601 0 1
15604 0 -1
15605 0 -1
15616 0 3
15617 0 3
15620 2 3
15621 0 3
15624 0 4
15626 0 4
15628 0 4
15629 0 4
15633 0 4
15635 0 4
15642 0 1
15646 0 -1
15648 2 0
15649 0 1
15653 0 -1
15656 0 0
15657 0 1
15660 0 -1
15661 0 -1
15667 0 -1
15680 0 3
15681 0 3
15684 0 3
15685 0 3
15688 0 4
15690 0 4
15692 0 4
15693 0 4
15697 0 4
15699 0 4
15706 0 1
15710 0 -1
15712 0 0
15713 0 1
15716 0 -1
15717 0 -1
15720 0 0
15721 0 1
15724 0 -1
15731 0 -1
15747 0 3
15753 0 4
15755 0 4
15768 0 0
15769 0 1
15772 0 -1
15773 0 -1
15779 0 -1
15787 0 -1
16384 0 9
16385 0 9
16388 0 9
16389 0 9
16392 0 9
16394 0 9
16396 0 9
16397 0 9
16401 0 9
16403 0 9
16410 0 9
16414 0 9
16416 0 9
16417 0 9
16420 0 9
16421 0 9
16424 0 9
16425 0 9
16428 0 9
16429 0 9
16435 0 9
16448 0 9
16450 0 9
16452 0 9
16453 0 9
16458 0 9
16462 0 9
16464 0 9
16465 0 9
16468 0 9
16469 0 9
16478 0 9
16480 0 9
16482 0 9
16484 0 9
16485 0 9
16488 0 9
16490 0 9
16492 0 9
16493 0 9
16497 0 9
16499 0 9
16513 0 9
16515 0 9
16520 0 9
16521 0 9
16524 0 9
16525 0 9
16531 4 9
16536 0 9
16538 0 9
16540 0 9
16541 0 9
16545 4 9
16547 3 9
16553 0 9
16555 0 9
16578 0 9
16582 0 9
16590 0 9
16592 0 9
16594 0 9
16596 0 9
16597 0 9
16610 0 1
16614 0 9
16618 0 9
16622 0 9
16624 0 9
16625 0 9
16628 0 9
16629 0 9
16640 0 9
16641 0 9
16644 0 9
16645 0 9
16648 0 9
16650 0 9
16652 0 9
16653 0 9
16657 4 9
16659 3 9
16666 0 1
16670 0 9
16672 4 9
16673 3 9
16676 2 9
16677 2 9
16680 0 9
16681 0 9
16684 0 9
16685 0 9
16691 2 9
16704 0 9
16705 0 9
16708 0 9
16709 0 9
16712 0 9
16714 0 9
16716 0 9
16717 0 9
16721 0 9
16723 0 9
16730 0 9
16734 0 9
16736 0 9
16737 0 9
16740 0 9
16741 0 9
16744 0 9
16745 0 9
16748 0 9
16749 0 9
16755 0 9
16771 0 9
16777 0 9
16779 0 9
16792 0 9
16793 0 9
16796 0 9
16797 0 9
16803 2 9
16811 0 9
16896 0 10
16898 0 10
16900 0 10
16901 0 10
16906 0 10
16910 0 10
16912 0 10
16913 0 10
16916 0 10
16917 0 10
16926 0 10
16928 0 10
16930 0 10
16932 0 10
16933 0 10
16936 0 10
16938 0 10
16940 0 10
16941 0 6
16945 0 10
16947 0 10
16962 0 10
16966 0 10
16974 0 10
16976 0 10
16978 0 10
16980 0 10
16981 0 10
16994 0 10
16998 0 10
17002 0 10
17006 0 10
17008 0 10
17009 0 10
17012 0 10
17013 0 10
17024 0 10
17025 0 10
17028 0 10
17029 0 10
17032 0 10
17034 0 10
17036 0 10
17037 0 10
17041 0 10
17043 0 10
17050 0 10
17054 0 10
17056 0 10
17057 0 10
17060 0 10
17061 0 10
17064 0 10
17065 0 10
17068 0 10
17069 0 10
17075 0 10
17094 0 10
17106 0 10
17110 0 10
17126 0 10
17134 0 10
17136 0 10
17138 0 10
17140 0 10
17141 0 10
17152 0 10
17154 0 10
17156 0 10
17157 0 10
17162 0 10
17166 0 10
17168 0 10
17169 0 10
17172 0 10
17173 0 10
17182 0 10
17184 0 10
17186 0 10
17188 0 10
17189 0 10
17192 0 10
17194 0 10
17196 0 10
17197 0 10
17201 0 10
17203 0 10
17216 0 10
17218 0 10
17220 0 10
17221 0 3
17226 0 10
17230 0 10
17232 0 10
17233 0 10
17236 0 10
17237 0 10
17246 0 10
17248 0 10
17250 0 10
17252 0 10
17253 0 10
17256 0 0
17258 0 10
17260 0 10
17261 -2 -1
17265 0 10
17267 0 10
17281 0 10
17283 0 10
17288 0 10
17289 0 10
17292 0 10
17293 0 10
17299 0 10
17304 0 10
17306 0 10
17308 0 10
17309 0 10
17313 0 10
17315 0 10
17321 0 10
17323 0 10
17409 0 10
17411 0 10
17416 0 10
17417 0 10
17420 0 10
17421 0 10
17427 4 6
17432 0 10
17434 0 10
17436 0 10
17437 0 10
17441 4 6
17443 3 6
17449 0 10
17451 0 10
17472 0 10
17473 0 10
17476 0 10
17477 0 10
17480 0 10
17482 0 10
17484 0 10
17485 0 10
17489 0 10
17491 0 10
17498 0 10
17502 0 10
17504 0 10
17505 0 10
17508 0 10
17509 0 10
17512 0 10
17513 0 10
17516 0 10
17517 0 10
17523 0 10
17539 4 3
17545 0 10
17547 0 10
17560 0 10
17561 0 10
17564 0 10
17565 0 10
17579 0 10
17600 0 10
17602 0 10
17604 0 10
17605 0 10
17610 0 10
17614 0 10
17616 0 10
17617 0 10
17620 0 10
17621 0 10
17630 0 10
17632 0 10
17634 0 10
17636 0 10
17637 0 10
17640 0 10
17642 0 10
17644 0 10
17645 0 10
17649 0 10
17651 0 10
17665 4 3
17667 3 3
17672 0 10
17673 0 10
17676 0 10
17677 0 10
17688 0 10
17690 0 10
17692 0 10
17693 0 10
17705 0 10
17707 0 10
17729 0 10
17731 0 10
17736 0 10
17737 0 10
17740 0 10
17741 0 10
17747 0 10
17752 0 10
17754 0 10
17756 0 10
17757 0 10
17761 0 10
17763 0 10
17769 0 10
17771 0 10
17803 0 10
17817 0 10
17819 0 10
17922 0 6
17926 0 6
17934 0 6
17936 0 6
17938 0 6
17940 0 6
17941 0 6
17954 0 1
17958 0 6
17962 0 6
17966 0 6
17968 0 6
17969 0 6
17972 0 6
17973 0 6
17990 0 7
18002 0 7
18006 0 7
18022 0 7
18030 0 7
18032 0 7
18034 0 7
18036 0 7
18037 0 7
18048 0 7
18050 0 7
18052 0 7
18053 0 7
18058 0 7
18062 0 7
18064 0 7
18065 0 7
18068 0 7
18069 0 7
18078 0 7
18080 0 7
18082 0 7
18084 0 7
18085 0 7
18088 0 7
18090 0 7
18092 0 7
18093 0 7
18097 0 7
18099 0 7
18134 0 4
18162 0 1
18166 0 -1
18178 0 1
18182 0 3
18190 0 4
18192 0 4
18194 0 4
18196 0 4
18197 0 4
18210 -2 -1
18214 0 -1
18218 0 1
18222 0 -1
18224 0 0
18225 0 1
18228 0 -1
18229 0 -1
18242 0 3
18246 0 3
18254 0 4
18256 0 4
18258 0 4
18260 0 4
18261 0 4
18274 0 1
18278 0 -1
18282 0 1
18286 0 -1
18288 0 0
18289 0 1
18292 0 -1
18293 0 -1
18304 0 3
18305 0 3
18308 0 3
18309 0 3
18312 0 4
18314 0 4
18316 0 4
18317 0 4
18321 0 4
18323 0 4
18330 0 1
18334 0 -1
18336 0 0
18337 0 1
18340 0 -1
18341 0 -1
18344 0 0
18345 0 1
18348 0 -1
18349 0 -1
18355 0 -1
18432 0 6
18433 0 6
18436 0 6
18437 0 6
18440 0 6
18442 0 6
18444 0 6
18445 0 6
18449 4 6
18451 3 6
18458 0 1
18462 0 6
18464 4 6
18465 3 6
18468 2 6
18469 2 6
18472 0 6
18473 0 6
18476 0 6
18477 0 6
18483 2 6
18496 0 7
18498 0 7
18500 0 7
18501 0 7
18506 0 7
18510 0 7
18512 0 7
18513 0 7
18516 0 7
18517 0 7
18526 0 7
18528 0 7
18530 0 7
18532 0 7
18533 0 7
18536 0 7
18538 0 7
18540 0 7
18541 0 7
18545 0 7
18547 0 7
18561 4 3
18563 3 3
18568 0 7
18569 0 7
18572 0 7
18573 0 7
18584 0 7
18586 0 7
18588 0 7
18589 0 7
18601 0 7
18603 0 7
18626 0 1
18630 0 3
18638 0 4
18640 0 4
18642 0 4
18644 0 4
18645 0 4
18658 -2 -1
18662 0 -1
18666 0 1
18670 0 -1
18672 0 0
18673 0 1
18676 0 -1
18677 0 -1
18688 4 3
18689 3 3
18692 2 3
18693 2 3
18696 0 4
18698 0 4
18700 0 4
18701 0 4
18714 -2 -1
18718 0 -1
18728 0 0
18729 0 1
18732 0 -1
18733 0 -1
18752 0 3
18753 0 3
18756 0 3
18757 0 3
18760 0 4
18762 0 4
18764 0 4
18765 0 4
18769 0 4
18771 0 4
18778 0 1
18782 0 -1
18784 0 0
18785 0 1
18788 0 -1
18789 0 -1
18792 0 0
18793 0 1
18796 0 -1
18797 0 -1
18803 0 -1
18819 2 3
18825 0 4
18827 0 4
18840 0 0
18841 0 1
18844 0 -1
18845 0 -1
18859 0 -1
18944 0 6
18945 0 6
18948 0 6
18949 0 6
18952 0 6
18954 0 6
18956 0 6
18957 0 6
18961 0 6
18963 0 6
18970 0 6
18974 0 6
18976 0 6
18977 0 6
18980 0 6
18981 0 6
18984 0 6
18985 0 6
18988 0 6
18989 0 6
18995 0 6
19008 0 7
19010 0 7
19012 0 7
19013 0 3
19018 0 7
19022 0 7
19024 0 7
19025 0 7
19028 0 7
19029 0 7
19038 0 7
19040 0 7
19042 0 7
19044 0 7
19045 0 7
19048 0 0
19050 0 7
19052 0 7
19053 -2 -1
19057 0 7
19059 0 7
19073 0 7
19075 0 7
19080 0 7
19081 0 7
19084 0 7
19085 0 7
19091 0 7
19096 0 7
19098 0 7
19100 0 7
19101 0 7
19105 0 7
19107 0 7
19113 0 7
19115 0 7
19138 0 3
19142 0 3
19150 0 4
19152 0 4
19154 0 4
19156 0 4
19157 0 4
19170 0 1
19174 0 -1
19178 0 1
19182 0 -1
19184 0 0
19185 0 1
19188 0 -1
19189 0 -1
19200 0 3
19201 0 3
19204 0 3
19205 0 3
19208 0 4
19210 0 4
19212 0 4
19213 0 4
19217 0 4
19219 0 4
19226 0 1
19230 0 -1
19232 0 0
19233 0 1
19236 0 -1
19237 0 -1
19240 0 0
19241 0 1
19244 0 -1
19245 0 -1
19251 0 -1
19264 0 3
19265 0 3
19268 0 3
19269 0 3
19272 0 0
19274 0 4
19276 0 4
19277 -2 -1
19281 0 4
19283 0 4
19290 0 1
19294 0 -1
19296 0 0
19297 0 1
19300 0 -1
19301 0 -1
19304 0 0
19305 -2 -1
19308 0 -1
19315 0 -1
19331 0 3
19337 0 4
19339 0 4
19352 0 0
19353 0 1
19356 0 -1
19357 0 -1
19363 0 -1
19371 0 -1
19459 0 6
19465 0 6
19467 0 6
19480 0 6
19481 0 6
19484 0 6
19485 0 6
19491 2 6
19499 0 6
19521 0 7
19523 0 7
19528 0 7
19529 0 7
19532 0 7
19533 0 7
19539 0 7
19544 0 7
19546 0 7
19548 0 7
19549 0 7
19553 0 7
19555 0 7
19561 0 7
19563 0 7
19595 0 7
19609 0 7
19611 0 7
19648 0 3
19649 0 3
19652 0 3
19653 0 3
19656 0 4
19658 0 4
19660 0 4
19661 0 4
19665 0 4
19667 0 4
19674 0 1
19678 0 -1
19680 0 0
19681 0 1
19684 0 -1
19685 0 -1
19688 0 0
19689 0 1
19692 0 -1
19693 0 -1
19699 0 -1
19715 2 3
19721 0 4
19723 0 4
19736 0 0
19737 0 1
19740 0 -1
19741 0 -1
19755 0 -1
19779 0 3
19785 0 4
19787 0 4
19800 0 0
19801 0 1
19804 0 -1
19805 0 -1
19811 0 -1
19819 0 -1
19867 0 -1
20481 0 9
20484 0 9
20488 0 9
20490 0 9
20492 0 9
20493 0 9
20497 0 9
20499 0 9
20506 0 9
20510 0 9
20512 0 9
20513 0 9
20516 0 9
20517 0 9
20521 0 9
20524 0 9
20531 0 9
20544 0 9
20546 0 9
20548 0 9
20549 0 9
20554 0 9
20558 0 9
20560 0 9
20561 0 9
20564 0 9
20565 0 9
20574 0 9
20576 0 9
20578 0 9
20580 0 9
20581 0 9
20584 0 9
20586 0 9
20588 0 9
20589 0 9
20593 0 9
20595 0 9
20609 0 9
20611 0 9
20616 0 9
20617 0 9
20620 0 9
20621 0 9
20627 0 9
20632 0 9
20634 0 9
20636 0 9
20637 0 9
20641 0 9
20643 0 9
20649 0 9
20651 0 9
20674 0 9
20678 0 9
20686 0 9
20688 0 9
20690 0 9
20692 0 9
20693 0 9
20706 0 9
20710 0 9
20714 0 9
20718 0 9
20720 0 9
20721 0 9
20724 0 9
20725 0 9
20736 0 9
20737 0 9
20740 0 9
20741 0 9
20744 0 9
20746 0 9
20748 0 9
20749 0 9
20753 0 9
20755 0 9
20762 0 9
20766 0 9
20768 0 9
20769 0 9
20772 2 9
20773 0 9
20776 0 9
20777 0 9
20780 0 9
20781 0 9
20787 0 9
20801 0 9
20804 0 9
20808 0 9
20810 0 9
20812 0 9
20813 0 9
20817 0 9
20819 0 9
20826 0 9
20830 0 9
20832 0 9
20833 0 9
20836 0 9
20837 0 9
20841 0 9
20844 0 9
20851 0 9
20867 0 9
20873 0 9
20875 0 9
20888 0 9
20889 0 9
20892 0 9
20893 0 9
20899 0 9
20907 0 9
20992 0 10
20994 0 10
20996 0 10
20997 0 10
21002 0 6
21006 0 6
21008 0 10
21009 0 10
21012 0 10
21013 0 10
21022 0 6
21024 0 10
21026 0 10
21028 0 10
21029 0 10
21032 0 6
21034 0 6
21036 0 6
21037 0 6
21041 0 10
21043 0 10
21058 0 3
21062 0 3
21070 -4 -1
21072 0 10
21074 0 10
21076 0 10
21077 0 10
21090 0 10
21094 0 10
21098 -4 -1
21102 -3 -1
21104 0 10
21105 0 10
21108 0 10
21109 0 10
21120 0 10
21121 0 10
21124 0 10
21125 0 10
21128 0 10
21130 0 10
21132 0 10
21133 0 10
21137 0 10
21139 0 10
21146 0 10
21150 0 10
21152 0 10
21153 0 10
21156 0 10
21157 0 10
21160 0 10
21161 0 10
21164 0 10
21165 0 10
21171 0 10
21190 0 3
21202 0 10
21206 0 10
21222 0 10
21230 -2 -1
21232 0 10
21234 0 10
21236 0 10
21237 0 10
21248 0 10
21250 0 10
21252 0 10
21253 0 10
21258 0 10
21262 0 10
21264 0 10
21265 0 10
21268 0 10
21269 0 10
21278 0 10
21280 0 10
21282 0 10
21284 0 10
21285 0 10
21288 0 10
21290 0 10
21292 0 10
21293 0 10
21297 0 10
21299 0 10
21312 0 3
21314 0 3
21316 0 3
21317 0 3
21322 -4 -1
21326 -3 -1
21328 0 10
21329 0 10
21332 0 10
21333 0 10
21342 -2 -1
21344 0 10
21346 0 10
21348 0 10
21349 0 10
21352 -4 -1
21354 -3 -1
21356 -2 -1
21357 -2 -1
21361 2 10
21363 0 10
21377 0 10
21379 0 10
21384 0 10
21385 0 10
21388 0 10
21389 0 10
21395 0 10
21400 0 10
21402 0 10
21404 0 10
21405 0 10
21409 0 10
21411 0 10
21417 2 10
21419 0 10
21505 0 10
21507 0 10
21512 0 10
21513 0 10
21516 0 10
21517 0 10
21523 0 10
21528 0 10
21530 0 10
21532 0 10
21533 0 10
21537 0 10
21539 0 10
21545 0 10
21547 0 10
21568 0 10
21569 0 10
21572 0 10
21573 0 10
21576 0 10
21578 0 10
21580 0 10
21581 0 10
21585 0 10
21587 0 10
21594 0 10
21598 0 10
21600 0 10
21601 0 10
21604 0 10
21605 0 10
21608 0 10
21609 0 10
21612 0 10
21613 0 10
21619 0 10
21635 0 10
21641 0 10
21643 0 10
21656 0 10
21657 0 10
21660 0 10
21661 0 10
21667 0 10
21675 0 10
21696 0 10
21698 0 10
21700 0 10
21701 0 10
21706 0 10
21710 0 10
21712 0 10
21713 0 10
21716 0 10
21717 0 10
21726 0 10
21728 0 10
21730 0 10
21732 0 10
21733 0 10
21736 0 10
21738 0 10
21740 0 10
21741 0 10
21745 0 10
21747 0 10
21761 0 10
21763 0 10
21768 0 10
21769 0 10
21772 0 10
21773 0 10
21779 0 10
21784 0 10
21786 0 10
21788 0 10
21789 0 10
21793 0 10
21795 0 10
21801 0 10
21803 0 10
21825 0 10
21827 0 10
21832 0 10
21833 0 10
21836 0 10
21837 0 10
21843 0 10
21848 0 10
21850 0 10
21852 0 10
21853 0 10
21857 0 10
21859 0 10
21865 2 10
21867 0 10
21899 0 10
21913 0 10
21915 0 10
22018 0 6
22022 0 6
22030 0 6
22032 0 6
22034 0 6
22036 0 6
22037 0 6
22050 0 6
22054 0 6
22058 0 6
22062 0 6
22064 0 6
22065 0 6
22068 0 6
22069 0 6
22086 0 3
22098 0 7
22102 0 7
22118 0 7
22126 -2 -1
22128 0 7
22130 0 7
22132 0 7
22133 0 7
22144 0 7
22146 0 7
22148 0 7
22149 0 7
22154 0 7
22158 0 7
22160 0 7
22161 0 7
22164 0 7
22165 0 7
22174 0 7
22176 0 7
22178 0 7
22180 0 7
22181 0 7
22184 0 7
22186 0 7
22188 0 7
22189 0 7
22193 0 7
22195 0 7
22230 0 4
22258 0 1
22262 0 -1
22274 0 3
22278 0 3
22286 0 4
22288 0 4
22290 0 4
22292 0 4
22293 0 4
22306 0 1
22310 0 -1
22314 0 1
22318 0 -1
22320 0 0
22321 0 1
22324 0 -1
22325 0 -1
22338 0 3
22342 0 3
22350 -2 -1
22352 0 4
22354 0 4
22356 0 4
22357 0 4
22370 0 1
22374 0 -1
22384 0 0
22385 0 1
22388 0 -1
22389 0 -1
22400 0 3
22401 0 3
22404 0 3
22405 0 3
22408 0 4
22410 0 4
22412 0 4
22413 0 4
22417 0 4
22419 0 4
22426 0 1
22430 0 -1
22432 0 0
22433 0 1
22436 0 -1
22437 0 -1
22440 0 0
22441 0 1
22444 0 -1
22445 0 -1
22451 0 -1
22528 0 6
22529 0 6
22532 0 6
22533 0 6
22536 0 6
22538 0 6
22540 0 6
22541 0 6
22545 0 6
22547 0 6
22554 0 6
22558 0 6
22560 0 6
22561 0 6
22564 2 6
22565 0 6
22568 0 6
22569 0 6
22572 0 6
22573 0 6
22579 0 6
22592 0 7
22594 0 7
22596 0 7
22597 0 7
22602 0 7
22606 0 7
22608 0 7
22609 0 7
22612 0 7
22613 0 7
22622 0 7
22624 0 7
22626 0 7
22628 0 7
22629 0 7
22632 0 7
22634 0 7
22636 0 7
22637 0 7
22641 0 7
22643 0 7
22657 0 7
22659 0 7
22664 0 7
22665 0 7
22668 0 7
22669 0 7
22675 0 7
22680 0 7
22682 0 7
22684 0 7
22685 0 7
22689 0 7
22691 0 7
22697 0 7
22699 0 7
22722 0 3
22726 0 3
22734 0 4
22736 0 4
22738 0 4
22740 0 4
22741 0 4
22754 0 1
22758 0 -1
22762 0 1
22766 0 -1
22768 0 0
22769 0 1
22772 0 -1
22773 0 -1
22784 0 3
22785 0 3
22788 2 3
22789 0 3
22792 0 4
22794 0 4
22796 0 4
22797 0 4
22801 0 4
22803 0 4
22810 0 1
22814 0 -1
22816 2 0
22817 0 1
22821 0 -1
22824 0 0
22825 0 1
22828 0 -1
22829 0 -1
22835 0 -1
22848 0 3
22849 0 3
22852 0 3
22853 0 3
22856 0 4
22858 0 4
22860 0 4
22861 0 4
22865 0 4
22867 0 4
22874 0 1
22878 0 -1
22880 0 0
22881 0 1
22884 0 -1
22885 0 -1
22888 0 0
22889 0 1
22892 0 -1
22893 0 -1
22899 0 -1
22915 0 3
22921 0 4
22923 0 4
22936 0 0
22937 0 1
22940 0 -1
22941 0 -1
22947 0 -1
22955 0 -1
23041 0 6
23044 0 6
23048 0 6
23050 0 6
23052 0 6
23053 0 6
23057 0 6
23059 0 6
23066 0 6
23070 0 6
23072 0 6
23073 0 6
23076 0 6
23077 0 6
23081 0 6
23084 0 6
23091 0 6
23104 0 3
23106 0 3
23108 0 3
23109 0 3
23114 -4 -1
23118 -3 -1
23120 0 7
23121 0 7
23124 0 7
23125 0 7
23134 -2 -1
23136 0 7
23138 0 7
23140 0 7
23141 0 7
23144 -4 -1
23146 -3 -1
23148 -2 -1
23149 -2 -1
23153 2 7
23155 0 7
23169 0 7
23171 0 7
23176 0 7
23177 0 7
23180 0 7
23181 0 7
23187 0 7
23192 0 7
23194 0 7
23196 0 7
23197 0 7
23201 0 7
23203 0 7
23209 2 7
23211 0 7
23234 0 3
23238 0 3
23246 -2 -1
23248 0 4
23250 0 4
23252 0 4
23253 0 4
23266 0 1
23270 0 -1
23280 0 0
23281 0 1
23284 0 -1
23285 0 -1
23296 0 3
23297 0 3
23300 0 3
23301 0 3
23304 0 4
23306 0 4
23308 0 4
23309 0 4
23313 0 4
23315 0 4
23322 0 1
23326 0 -1
23328 0 0
23329 0 1
23332 0 -1
23333 0 -1
23336 0 0
23337 0 1
23340 0 -1
23341 0 -1
23347 0 -1
23361 0 3
23364 0 3
23368 -4 -1
23370 -3 -1
23372 -2 -1
23373 -2 -1
23377 2 4
23379 0 4
23392 0 0
23393 0 1
23396 0 -1
23397 0 -1
23427 0 3
23433 2 4
23435 0 4
23448 0 0
23449 0 1
23452 0 -1
23453 0 -1
23459 0 -1
23555 0 6
23561 0 6
23563 0 6
23576 0 6
23577 0 6
23580 0 6
23581 0 6
23587 0 6
23595 0 6
23617 0 7
23619 0 7
23624 0 7
23625 0 7
23628 0 7
23629 0 7
23635 0 7
23640 0 7
23642 0 7
23644 0 7
23645 0 7
23649 0 7
23651 0 7
23657 2 7
23659 0 7
23691 0 7
23705 0 7
23707 0 7
23744 0 3
23745 0 3
23748 0 3
23749 0 3
23752 0 4
23754 0 4
23756 0 4
23757 0 4
23761 0 4
23763 0 4
23770 0 1
23774 0 -1
23776 0 0
23777 0 1
23780 0 -1
23781 0 -1
23784 0 0
23785 0 1
23788 0 -1
23789 0 -1
23795 0 -1
23811 0 3
23817 0 4
23819 0 4
23832 0 0
23833 0 1
23836 0 -1
23837 0 -1
23843 0 -1
23851 0 -1
23875 0 3
23881 2 4
23883 0 4
23896 0 0
23897 0 1
23900 0 -1
23901 0 -1
23907 0 -1
23963 0 -1
24579 0 9
24585 0 9
24587 0 9
24600 0 9
24601 0 9
24604 0 9
24605 0 9
24611 0 9
24619 0 9
24641 0 9
24643 0 9
24648 0 9
24649 0 9
24652 0 9
24653 0 9
24659 0 9
24664 0 9
24666 0 9
24668 0 9
24669 0 9
24673 0 9
24675 0 9
24681 0 9
24683 0 9
24715 0 9
24729 0 9
24731 0 9
24768 0 9
24769 0 9
24772 0 9
24773 0 9
24776 0 9
24778 0 9
24780 0 9
24781 0 9
24785 0 9
24787 0 9
24794 0 9
24798 0 9
24800 0 9
24801 0 9
24804 0 9
24805 0 9
24808 0 9
24809 0 9
24812 0 9
24813 0 9
24819 0 9
24835 0 9
24841 0 9
24843 0 9
24856 0 9
24857 0 9
24860 0 9
24861 0 9
24867 2 9
24875 0 9
24899 0 9
24905 0 9
24907 0 9
24920 0 9
24921 0 9
24924 0 9
24925 0 9
24931 0 9
24939 0 9
24987 0 9
25089 0 10
25091 0 10
25096 0 10
25097 0 6
25100 0 10
25101 0 6
25107 0 10
25112 0 10
25114 0 10
25116 0 10
25117 0 6
25121 0 10
25123 0 10
25129 0 6
25131 0 6
25152 0 10
25153 0 3
25156 0 10
25157 0 3
25160 0 0
25162 0 10
25164 0 10
25165 -4 -1
25169 0 10
25171 0 10
25178 0 10
25182 0 10
25184 0 10
25185 0 10
25188 0 10
25189 0 10
25192 0 0
25193 -4 -1
25196 0 10
25197 -3 -1
25203 0 10
25219 0 10
25225 0 10
25227 0 10
25240 0 10
25241 0 10
25244 0 10
25245 0 10
25251 0 10
25259 0 10
25280 0 10
25282 0 10
25284 0 10
25285 0 3
25290 0 10
25294 0 10
25296 0 10
25297 0 10
25300 0 10
25301 0 10
25310 0 10
25312 0 10
25314 0 10
25316 0 10
25317 0 10
25320 0 0
25322 0 10
25324 0 10
25325 -2 -1
25329 0 10
25331 0 10
25345 0 10
25347 0 10
25352 0 10
25353 0 10
25356 0 10
25357 0 10
25363 0 10
25368 0 10
25370 0 10
25372 0 10
25373 0 10
25377 0 10
25379 0 10
25385 0 10
25387 0 10
25409 0 3
25411 0 3
25416 0 0
25417 -4 -1
25420 0 10
25421 -3 -1
25427 0 10
25432 0 0
25434 0 10
25436 0 10
25437 -2 -1
25441 0 10
25443 0 10
25449 -3 -1
25451 -2 -1
25483 0 10
25497 0 10
25499 0 10
25611 0 10
25625 0 10
25627 0 10
25667 0 10
25673 0 10
25675 0 10
25688 0 10
25689 0 10
25692 0 10
25693 0 10
25699 0 10
25707 0 10
25755 0 10
25793 0 10
25795 0 10
25800 0 10
25801 0 10
25804 0 10
25805 0 10
25811 0 10
25816 0 10
25818 0 10
25820 0 10
25821 0 10
25825 0 10
25827 0 10
25833 0 10
25835 0 10
25867 0 10
25881 0 10
25883 0 10
25931 0 10
25945 0 10
25947 0 10
26112 0 6
26113 0 6
26116 0 6
26117 0 6
26120 0 6
26122 0 6
26124 0 6
26125 0 6
26129 0 6
26131 0 6
26138 0 6
26142 0 6
26144 0 6
26145 0 6
26148 0 6
26149 0 6
26152 0 6
26153 0 6
26156 0 6
26157 0 6
26163 0 6
26176 0 7
26178 0 7
26180 0 7
26181 0 3
26186 0 7
26190 0 7
26192 0 7
26193 0 7
26196 0 7
26197 0 7
26206 0 7
26208 0 7
26210 0 7
26212 0 7
26213 0 7
26216 0 0
26218 0 7
26220 0 7
26221 -2 -1
26225 0 7
26227 0 7
26241 0 7
26243 0 7
26248 0 7
26249 0 7
26252 0 7
26253 0 7
26259 0 7
26264 0 7
26266 0 7
26268 0 7
26269 0 7
26273 0 7
26275 0 7
26281 0 7
26283 0 7
26306 0 3
26310 0 3
26318 0 4
26320 0 4
26322 0 4
26324 0 4
26325 0 4
26338 0 1
26342 0 -1
26346 0 1
26350 0 -1
26352 0 0
26353 0 1
26356 0 -1
26357 0 -1
26368 0 3
26369 0 3
26372 0 3
26373 0 3
26376 0 4
26378 0 4
26380 0 4
26381 0 4
26385 0 4
26387 0 4
26394 0 1
26398 0 -1
26400 0 0
26401 0 1
26404 0 -1
26405 0 -1
26408 0 0
26409 0 1
26412 0 -1
26413 0 -1
26419 0 -1
26432 0 3
26433 0 3
26436 0 3
26437 0 3
26440 0 0
26442 0 4
26444 0 4
26445 -2 -1
26449 0 4
26451 0 4
26458 0 1
26462 0 -1
26464 0 0
26465 0 1
26468 0 -1
26469 0 -1
26472 0 0
26473 -2 -1
26476 0 -1
26483 0 -1
26499 0 3
26505 0 4
26507 0 4
26520 0 0
26521 0 1
26524 0 -1
26525 0 -1
26531 0 -1
26539 0 -1
26627 0 6
26633 0 6
26635 0 6
26648 0 6
26649 0 6
26652 0 6
26653 0 6
26659 2 6
26667 0 6
26689 0 7
26691 0 7
26696 0 7
26697 0 7
26700 0 7
26701 0 7
26707 0 7
26712 0 7
26714 0 7
26716 0 7
26717 0 7
26721 0 7
26723 0 7
26729 0 7
26731 0 7
26763 0 7
26777 0 7
26779 0 7
26816 0 3
26817 0 3
26820 0 3
26821 0 3
26824 0 4
26826 0 4
26828 0 4
26829 0 4
26833 0 4
26835 0 4
26842 0 1
26846 0 -1
26848 0 0
26849 0 1
26852 0 -1
26853 0 -1
26856 0 0
26857 0 1
26860 0 -1
26861 0 -1
26867 0 -1
26883 2 3
26889 0 4
26891 0 4
26904 0 0
26905 0 1
26908 0 -1
26909 0 -1
26923 0 -1
26947 0 3
26953 0 4
26955 0 4
26968 0 0
26969 0 1
26972 0 -1
26973 0 -1
26979 0 -1
26987 0 -1
27035 0 -1
27139 0 6
27145 0 6
27147 0 6
27160 0 6
27161 0 6
27164 0 6
27165 0 6
27171 0 6
27179 0 6
27201 0 3
27203 0 3
27208 0 0
27209 -4 -1
27212 0 7
27213 -3 -1
27219 0 7
27224 0 0
27226 0 7
27228 0 7
27229 -2 -1
27233 0 7
27235 0 7
27241 -3 -1
27243 -2 -1
27275 0 7
27289 0 7
27291 0 7
27328 0 3
27329 0 3
27332 0 3
27333 0 3
27336 0 0
27338 0 4
27340 0 4
27341 -2 -1
27345 0 4
27347 0 4
27354 0 1
27358 0 -1
27360 0 0
27361 0 1
27364 0 -1
27365 0 -1
27368 0 0
27369 -2 -1
27372 0 -1
27379 0 -1
27395 0 3
27401 0 4
27403 0 4
27416 0 0
27417 0 1
27420 0 -1
27421 0 -1
27427 0 -1
27435 0 -1
27459 0 3
27465 -3 -1
27467 -2 -1
27480 0 0
27481 -2 -1
27484 0 -1
27491 0 -1
27547 0 -1
27675 0 6
27723 0 7
27737 0 7
27739 0 7
27843 0 3
27849 0 4
27851 0 4
27864 0 0
27865 0 1
27868 0 -1
27869 0 -1
27875 0 -1
27883 0 -1
27931 0 -1
27995 0 -1
